row_index,Topic1,Topic2,Topic3,Topic4,Topic5,Topic6,Topic7,Topic8,Topic9,Topic10,Topic11,Topic12,Topic13,Topic14,Topic15
1,0.006188614901610808,0.49366492790173755,9.073138296452648e-4,0.0075738760077765956,0.0012405572580930062,0.0016563158282231042,0.36275046206382067,1.461636555619669e-4,0.09328209417850904,5.603176690979148e-5,0.0029320894650067863,0.0013305050336623022,0.026912057528622187,0.0011122714829107276,2.467190979100423e-4
2,0.9647999320494496,0.0025325486390076726,2.2576763032145606e-4,1.901617734974219e-4,2.5009700634782576e-4,0.009814954765576199,0.00376605611807457,0.004520450415765583,7.935772963317008e-4,1.1949282616323114e-4,0.006421302866538494,0.002762132177553878,4.021047891680714e-4,0.0028478266624966486,5.535949837073974e-4
3,0.5338292044286176,0.00111766641050695,0.0013648866094945382,9.471847545783089e-4,0.0031472904790507046,0.4281657703286856,0.0011366869537544186,0.003243114960271985,0.0026431439723987836,0.005441013221109488,0.009942593411616279,0.005034275056779147,2.355475760521735e-4,0.0033539589998084203,3.9766283727538223e-4
4,0.1277854036800402,5.035682319284325e-4,3.9831215731484226e-4,5.21957542441347e-4,0.004775070709395867,0.009102747046513211,0.04132926187998984,0.3109321819151295,8.168040607267013e-4,2.463779633641352e-4,0.49472442448893533,0.0019433541101853782,3.4588409037235486e-4,0.003140993392532864,0.0034336587311296052
5,0.04284910716099597,6.220800209614888e-4,0.08754372924376559,0.0031241004504137396,0.04891788923280243,0.05153739105828829,0.007771659050449141,0.00892335498126487,0.006015127171587328,0.009239986464660371,0.6998569240930748,0.009133498647220175,2.7003132114316984e-4,0.022998045543991524,0.0011970755593815798
6,0.4342747772305915,0.001509187449996003,0.0013429811889456385,0.0011191921298188282,0.00594013664687106,0.17552662324593418,0.002226416068390485,0.010705807019815283,0.0030871119325089798,0.021383750673146823,0.07601383948667487,0.26259743532200913,4.188509442984544e-4,0.0027116141841618427,0.0011422764768373726
7,0.2937907623344578,0.006385810165577065,0.0029636580364076808,0.005463281600819926,0.005480268049682425,0.13662306097737925,0.004973296503229788,0.014012259568166765,0.06363349104465581,0.01418592668684335,0.14131251256261682,0.3029434493093305,0.0022834525792822407,0.003643516917145823,0.0023052536644043776
8,0.2592069070591404,0.0016715776643717098,0.019346263005120955,0.03307228754766932,0.11623442728336959,0.3655769923983892,0.0018101968523817553,7.9055968990739e-4,0.07823040801841567,0.00656476262814321,0.013465166469236796,0.05074399388454454,5.89832844189299e-4,0.052428088903140185,2.6853575198039e-4
9,0.016348815427061587,0.0019029446540703282,0.10719357896182714,0.01276330506445189,0.2463322445742292,0.08352789225832617,0.32789262066384106,9.562392540681076e-4,0.12869094427060407,0.0010525120331329129,0.06391838984102824,0.006629495239482061,3.3699785730063376e-4,0.0016803577633122356,7.736621372647315e-4
10,0.003822314317605577,0.5058081796224646,0.0012874739293074432,0.00783318645838107,0.0018302334887722723,0.0010149759856361428,0.30761021546904355,3.4618688964686503e-4,0.12427973823435977,1.410105907959365e-4,0.00435842328977047,0.0024681902259654762,0.03757643567979463,0.00129538707268003,3.280487457764734e-4
11,0.028041267157811897,0.08987234939273131,0.03107152459878074,0.19054810288201596,0.16639002121239596,0.12816983160673096,0.01125393271803038,0.007216150840735152,0.22611102897699742,0.005632173822578964,0.06016520677687493,0.011841065797477872,0.038397003143203635,0.004571264927933253,7.190761457016255e-4
12,0.05090065192559563,0.0019663728218179896,0.008243781344356941,0.009105455634038874,0.495736540407983,0.3588526224971985,0.0037632554318787663,0.00985351603320726,0.004408413150570508,0.011546379563340961,0.028951092270349612,0.007529565246456402,1.0369205576221976e-4,0.008687536020794088,3.5112559664894177e-4
13,0.0015968103886499698,7.737856188756308e-4,0.41807566589010137,0.006772962298050732,0.1733184214803583,0.025530469929851054,0.0032694035656321814,0.001835188948550975,0.20508399059812085,0.001732479807407055,0.15280778234874307,0.0032965554509183747,2.797291542324392e-4,0.005229675919763628,3.970786007447883e-4
14,0.0013250530118827603,0.0012107628413574598,0.00905982375863961,0.0017217380144622094,0.24441229174438756,0.0013516194428633366,0.73041801783611,0.0011059410857549507,5.358454532472474e-4,2.8297722961845116e-4,0.006561038556211606,0.001097060790333854,1.7797409440036965e-5,7.192857845415938e-4,1.8074704114894307e-4
15,0.02241875578967759,0.010287997857242824,0.0477149470916722,0.014343405044865068,0.32720746644291715,0.08375633790102689,0.03377801226883497,0.03232231217162652,0.09120189516899238,0.05362708676113303,0.11665717859481042,0.1412205898765842,0.0011061176431679653,0.02150838640858513,0.0028495109788636997
16,0.0018380027941454758,0.004946737920769211,0.0012342140346530764,0.6479431885131444,0.014129868170296638,0.003776429864047107,0.0636936251351115,2.158376546326685e-4,0.026600869982691937,0.0017508346398572646,0.06000839212650431,0.11975871341183857,0.05018341465468114,0.0036633664894006194,2.565046082262946e-4
17,0.0583111640146658,0.0025718347730146847,0.004067593595477127,0.006252660259229088,0.07360541982332512,0.02368749245301732,0.7194787831858283,0.003446865949644026,0.0085815640043713,5.930478008035685e-4,0.09169867110648358,0.0031970044135347145,7.961102014516782e-4,0.002453090848858153,0.0012586975702957284
18,0.0012963920056258552,0.0038702339587408353,0.0053562784226752575,0.1269200483958798,0.6978196086729249,0.05833765173319522,0.005334309363875994,0.0015746504660009584,0.006665285028246413,0.0465168337194459,0.034534643545781465,0.007960922358659759,4.2532189867557166e-4,0.0032043389868910152,1.8348144338124777e-4
19,0.006575145252877375,0.001305050061214754,0.0010969352792387817,0.0014544945084045643,0.20670027805720304,0.002643200315749621,0.6718369155191781,0.07891434921441207,1.7911404558444385e-4,2.0820237130261875e-4,0.02640735276400573,8.555349226822998e-4,2.9919658366303626e-5,0.0010408473829537183,7.526606468268235e-4
20,0.1402284231448931,0.4452665853020903,9.379794938594027e-4,0.004002246275070751,6.540198313175023e-4,0.0025765280081881375,0.25878594210432265,6.515958854372229e-4,0.10074618662222946,5.3128060287507934e-5,0.0048915517835184325,0.003269785503662924,0.035319963611198296,0.002025801351538265,5.902630223857856e-4
21,0.3975383850163226,0.001872091670195521,0.001149325854146746,9.431716024912343e-4,0.0023428878446634526,0.45411732142837385,4.723805180042711e-4,0.001334261894495984,0.0015840422348561785,0.0669392336975975,0.004479478943943719,0.06459464371306131,1.841180842023941e-4,0.0022090641417863177,2.3959335585979144e-4
22,0.7925088625725,8.850909320943291e-4,1.8945869667330378e-4,3.116221675634005e-4,9.102941082463676e-4,0.02040423342767557,0.004831364100618325,0.012745681468339922,0.001193672274896018,1.8560172823425616e-4,0.15816813328891693,0.0037226511258554884,5.009980394618441e-4,0.0022734507156234435,0.0011688853533013408
23,0.37325455055960166,0.001462128575684268,8.719475000759573e-4,0.0016112697524111822,0.005199473937794817,0.1539121624410585,0.003051647646480527,0.01355616092794202,0.004265278573923681,0.0030969221123630223,0.284543056827027,0.1503341611147154,9.942546159151149e-4,0.0023683328156761272,0.0014786525993309907
24,0.8789893625228327,7.827193061110029e-4,0.0012567011451339804,4.721242429038501e-4,0.0025619482500111707,0.06330469209972084,0.0023662672838862106,0.011562280666984852,0.002402024043631348,9.403798279570399e-4,0.021116084311699677,0.010065909444881118,3.148935305017644e-4,0.002863456253669589,0.0010011570700748072
25,6.319094115308331e-4,8.275381671435756e-4,0.3532035641279116,0.07031644880344812,0.22788416604697306,0.01524170665979334,0.0033938792043328937,9.144193480208374e-4,0.20396197295815122,0.0014038630927181786,0.11565116317252756,0.002275751529518684,5.644979778811076e-4,0.0034569631319379193,2.721563681119312e-4
26,0.19034797558696717,0.002127041505778116,0.012866173617938709,0.03237990261275911,0.17582988723227802,0.28259672098934285,0.00185729902729753,0.0017004914064551442,0.2602955547482601,0.001974052120384307,0.024670557320831076,0.0064516967685444284,0.001899698983725535,0.004576076905852827,4.268711735850849e-4
27,0.0019500095330120422,0.44437474863297705,0.0024992284718258913,0.01843987411712699,0.11597185737036646,0.003967309650313598,0.37809389171267105,0.0011468412135025297,0.01509160313033789,9.716539956782145e-4,0.010999752102417208,0.003978009998641461,0.0010504457202670774,0.0012249945407811203,2.3977981008121402e-4
28,0.0027239392116319623,0.41936420004329306,0.013739498978187306,0.02595681834291937,0.12455552999783276,0.008569006630362582,0.19649284639058628,3.901649973670489e-4,0.18237837601066026,7.045762043787181e-4,0.010952844888331575,0.008041329831635543,0.0029482385128957005,0.0029067152377518233,2.759147221651264e-4
29,0.43364683419345434,0.008523880763718402,0.0035482395800918573,0.00746071726851975,0.0037205849457094503,0.4116863107685742,0.0019403040538171642,0.0035032562363725745,0.04800826190515219,0.008406903166009132,0.018573315584025765,0.02007704341673902,0.01944096675465715,0.010565400559923771,8.979808032354282e-4
30,0.0034250086417466847,5.563553248546646e-4,0.034531010044513394,0.016284369377447195,0.4185441661010155,0.1390494277452563,0.0021107295033910424,0.0066070900674793515,0.0124128595524693,0.009028765020369204,0.2546570300320119,0.0029269126575974963,1.3500158375660937e-4,0.09932754922251191,4.037251255798089e-4
31,0.1002991706366523,0.001538707284138938,0.0026305919035067692,0.009497005776125327,0.13242243618740834,0.39366342879542165,0.009946876503666722,0.0039118993579440875,0.046419579112301414,0.0034817285843578303,0.28544871023584145,0.006589795971339168,6.843993397837457e-4,0.0027749354072154507,6.907349042971229e-4
32,0.2522674218955327,0.002178243703423831,0.0013523302400538788,0.002724985767326385,0.012002024255436079,0.06215431916422688,0.054979444291029814,0.04604335749843079,0.004694792225343546,0.001985229597555597,0.5389912605650045,0.007884709805955578,0.0012427774947399055,0.007639532598362557,0.0038595708975777392
33,0.0012575051108151738,3.573483227014585e-4,3.4307925412869605e-4,0.004145073172706919,0.058337932059742643,0.007874363358181435,0.00144463807193257,0.8210958541906431,3.6411779432525397e-4,9.872877574869515e-4,0.0987991378915437,0.00325180396654791,9.887511104450438e-5,8.896037239713655e-4,7.533802142283753e-4
34,0.1116745745681932,0.0014526740243772675,6.84237311185252e-4,0.001034787943430867,0.005534844287737197,0.05672834569617204,0.019186071222292853,0.6816622670162228,0.0011093141821194139,0.0012277643955608132,0.10449573877696149,0.002413344712053569,4.126105908835147e-4,0.008260057248473871,0.004123368024336265
35,0.1082006472975471,6.799495592794623e-4,8.891978792448406e-4,6.826704512908765e-4,0.006604639298052728,0.017693284420517378,0.015162875909279097,0.6793528570411161,3.6818104846049834e-4,0.022997153730011544,0.12251514647271974,0.004660458231538626,1.4102362770344306e-4,0.017353573545753398,0.0026983414874849555
36,0.5730550085666575,6.444285951746643e-4,7.299488623836136e-4,6.782851348724645e-4,0.0026165697733881864,0.3713726376187404,0.0012235426250222965,0.006512674334664011,0.0018301105688140588,0.0035046404635243177,0.02915206921597313,0.004984784209172709,2.2696473935067022e-4,0.0028669394783391953,6.0139581392266e-4
37,0.001192215354510459,8.048251559758778e-4,0.007894261381519285,0.0012230119750632287,0.13428210821705086,0.001020353057743378,0.8434288626899912,0.0013278708468142805,3.217739971135682e-4,1.9437022750297322e-4,0.006822546548158136,7.712095610286046e-4,1.5211796826674308e-5,4.953078834720146e-4,2.0607130723028898e-4
38,0.8434337306700892,6.113603974144502e-4,7.679506346103365e-4,3.867315174186095e-4,0.0015853374289027246,0.12452201396045647,0.0015897847630051327,0.00603696901741849,0.001261308204960919,0.0015744662800729846,0.011180767059182148,0.0034665520164202874,1.849220629644108e-4,0.0028515141722511702,5.46591814832867e-4
39,0.05469210482936736,3.198156280168324e-4,0.001108311585674992,6.631642914696256e-4,0.0335312938498079,0.008206568428261238,0.012437745880244067,0.45908052912471026,0.00111629628832481,2.3653317192781113e-4,0.19031680219542033,0.0019239009815359336,1.5846597193464596e-4,0.0014958207498386453,0.2347126470234656
40,0.13778054115151112,0.01845081545126459,0.02976647055302877,0.00605683405152652,0.004721966688678053,0.01505409810557619,0.0031259149579773134,0.005471461685724783,0.6603021877571038,0.0010121318420077622,0.03712322057231986,0.051807646995068124,0.009691221958645977,0.01814253320116407,0.001492955028402675
41,0.021886307105749906,0.026354157646100867,0.036999283715844336,0.007381503282028824,0.03419754706286295,0.010104881942370011,0.056985730415957794,0.1273418908194376,0.014953531944388943,0.0025141242826208173,0.5643158401872213,0.0756294346520671,0.0022773419349753072,0.014149658487448745,0.004908766520925089
42,0.0012586335474510035,0.0037270303955218393,0.4725835033163944,0.23829628417377471,0.2166542941218527,0.007954326486943924,0.010172767066313919,7.087685655702258e-4,0.017459072792198438,0.003338376348134683,0.012156018843030003,0.009848816834477072,9.738542398098164e-4,0.0045871697937494675,2.8108347477735367e-4
43,0.2613226150334852,0.0014478270633116485,0.003442252469384599,7.73358253243836e-4,0.014347765123998298,0.6416263519145623,0.0016801470999171103,0.03429730369159491,0.0013023373301146934,0.00783192076793157,0.023108203257134974,0.005412512435121509,8.844616749915936e-5,0.002517885773084677,8.01073619615642e-4
44,0.07214257235823893,0.02389988570757003,0.004871104660298882,0.015974918067508368,0.008010882449755521,0.11444817757507145,0.002757404477268246,0.0028830520473642537,0.022808256018983588,0.008476607043157993,0.013640256378669089,0.6968213973923932,0.00843666563982249,0.004024540661072964,8.042795228250228e-4
45,0.0018595490117242846,0.04514369048869831,0.0014802001814420201,0.05777731638488853,0.00745234767542299,0.004662384721733902,0.0018316910042679658,2.979284186449928e-4,0.009017612724615171,0.002793613455757883,0.0034481284663591895,0.860428650764042,0.0029294644707252198,7.466601627823031e-4,1.3076206889558602e-4
46,0.09610848946279202,8.094339962605285e-4,0.09819788229101922,0.0072985358305058525,0.0573214510676519,0.010221633156161215,0.025085515106698243,0.08483270396772435,0.006523413749529129,5.551376770318237e-4,0.599369863507136,0.004842854295256069,9.746249905719223e-4,0.004903837488666816,0.002954623412995252
47,0.29672995759436704,0.0018416447453092303,0.0013797787486791392,0.0015926917224383392,0.008632877865248769,0.37576554355073616,0.004144470596390904,0.19631730109614817,0.002524985968563243,0.005605076395770427,0.0820894143001626,0.014128997889633203,4.697309228885543e-4,0.00518342303147248,0.0035941055721915778
48,0.9522256616777407,5.694577290101699e-4,5.805560304572782e-4,2.0732411319219352e-4,7.652628659447795e-4,0.012881584317462858,0.004470823473721813,0.008186260687593273,9.282460962079807e-4,2.7576319583259227e-4,0.012031704644543019,0.0030960105320148182,2.526277221591852e-4,0.00276052188867818,7.681950254413978e-4
49,0.05645627852133147,0.004977306645335786,0.0010840126932952236,0.4985431116913723,0.07850066096184667,0.016112454602228873,0.19505077833543133,0.0035115237157604495,0.004368323308891961,0.0010565214260785248,0.09334809779758385,0.0025327050278239776,0.0369402788760549,0.005845792948696803,0.0016721534482680486
50,0.04519105617242795,0.011290587041578473,0.00984737564169366,0.17778483904746528,0.0048740235311209145,0.037225480135074054,0.007434430212451034,6.229096506620867e-4,0.1221238775036725,0.024118272854622962,0.06520276678704039,0.20625743741102087,0.27133353563188384,0.016047711191291808,6.456971879946563e-4
51,0.502000743828743,0.006617357680651682,0.0017839861341494908,0.0077395876048568365,0.004077237429591945,0.3047904809591946,0.006584115488746772,0.006411567552197046,0.010226155806070909,0.004560064319579656,0.02424343124497808,0.06808052947738615,0.044535246304392116,0.006981132942664629,0.0013683632267971605
52,0.3845796138481328,0.004898176067470076,0.0060361915067981995,0.005800292367477964,0.00418515808152049,0.22428552743663954,0.001419049678147872,0.002613485940064498,0.09986329966370767,0.008541395745776257,0.016759161252684205,0.1258889278453293,0.003972434780106368,0.11029422643665202,8.630593494925019e-4
53,0.29019607646419504,0.005959331913537725,0.0031553842463268476,0.0024551656987337215,0.001962416122672788,0.14866165381505833,0.0012475021986987369,0.0025992242525975456,0.5081535768961845,0.0013017082248980008,0.018094287579314385,0.0053448762521294485,0.003813486166636059,0.006143857014605192,9.114531544120458e-4
54,0.035157868744327594,0.5445618821555077,0.008665990755771931,0.04125316561981583,0.018545977114694058,0.06603912587656362,0.01955270910316706,0.009134548836175418,0.025492914185846417,0.02047015122079887,0.020167429411589007,0.008367436485264161,0.002245236090388532,0.17913253596457435,0.0012130284355150844
55,0.03490789183285638,0.03976514484161746,0.009546936000492992,0.28331879022206324,0.12259843601906209,0.11491548271624166,0.015806304019771185,0.160635106625623,0.011158880285564853,0.0986807671710355,0.04800407918458208,0.033154270836212814,0.00506676198152178,0.019119603481584622,0.003321544781770363
56,0.0028044946067733684,0.0024699930869053646,0.015704833193566234,0.044252686491731925,0.7267283290217145,0.015483636003675865,0.009644572879154824,0.004392953291561945,0.005687482649896204,0.0062633731495404955,0.017299959866469386,0.0042218173352184495,1.8260672945238883e-4,0.1445946572279736,2.686044663659268e-4
57,0.011569130072419349,0.0012799619575034628,0.011182215617216315,0.006973561215216134,0.6705882787753091,0.02435058582295339,0.01746400639205665,0.017606540599807145,0.007820158007403601,0.00256492612526362,0.2142334722450217,0.008426376938346102,1.778723842977136e-4,0.00487689758855052,8.860162586350272e-4
58,0.002286694788775838,3.761633139200307e-4,5.947993941342791e-4,0.0013746350311374996,0.06584283734867266,0.008489380493812369,0.002767871483525302,0.8464901428203597,3.162283596693701e-4,8.717295211809889e-4,0.06618859734618687,0.0021915414317967017,4.732429969922604e-5,0.0011141692090024904,0.0010478851581262718
59,6.413608553560428e-4,4.3550120069191044e-4,0.04409546435884077,0.04016183808583188,0.02550643845473449,0.03887468613534094,6.610627042960256e-4,2.692617173899698e-4,0.013576728050763669,0.21482156388512488,0.019878881219065465,0.0019743896494324948,2.4289476125976143e-4,0.5987459901540599,1.1393876781276452e-4
60,0.18164044934326684,8.981888280348167e-4,0.07002480830030672,0.019145536739312363,0.3525856960606794,0.05457741857896363,0.027368783499523673,0.0015812540617390477,0.001666278541590096,0.0566461874237829,0.021706038398101896,0.18689536064223544,1.1160356577416798e-4,0.02466233169385548,4.900643228335914e-4
61,2.5887558420377877e-4,0.10068458436973035,3.964145139413809e-4,0.7897880179180885,0.04636848686506249,0.006089330832421358,0.004568750544759706,0.001959482603185342,0.003541686844715266,0.0016977120990172645,0.03900642366037742,0.0021951965901108083,0.0022262560579328493,9.87066629354832e-4,2.317148870987782e-4
62,0.0035084053231917538,0.6553731601124769,0.004179288530953773,0.028179922255806233,0.06300073514903036,0.00633337179808989,0.20514640861308722,0.0015685562294149654,0.008888130360977358,0.0022697037933812956,0.010369285798911854,0.0068092468877244605,0.0018726626827892498,0.00220586567406096,2.952567901030078e-4
63,0.0027591905980614635,0.46841056887702204,0.005253414581984849,0.004620319013321096,0.009928648069524707,0.00189382527187428,0.4617698472548378,0.0016606042090987418,0.014495294015468917,5.311889740951719e-4,0.02277473863956005,0.0025745530059051976,0.0012471426397325813,0.0016427854895288644,4.378793599838859e-4
64,0.0016049311926900187,0.43880581748964104,2.0172164513209437e-4,0.0010729103887261635,0.0015344992391954921,5.664614303879416e-4,0.5510756272427382,4.0482767189780293e-4,8.304931837741077e-4,5.456901971868025e-5,0.002066810232165604,7.719730730264943e-4,5.347042267350371e-4,3.413940077407427e-4,1.3325995643048572e-4
65,0.0035225653731573254,0.6741817816263541,0.003023746644653556,0.011844564129052625,0.12770157572291232,0.008358025969875815,0.13472578736421673,0.003671664403819454,0.005972936938216477,0.0023977693113827686,0.013304003230872394,0.008752377359536804,7.986803741666722e-4,0.0014423503831450712,3.0217116863744245e-4
66,0.6380667255993209,8.57691318343655e-4,7.976375965733613e-4,5.661313545237238e-4,0.0019502662802405256,0.3338755524649089,9.82747551806023e-4,0.003696314774123103,0.0014659578779744338,0.0034465168365118717,0.007988318864430495,0.0031998093274846085,1.7393677593633878e-4,0.0025531741460208977,3.792192318014448e-4
67,0.00832730455519067,0.009766883632018771,0.24641203884853136,0.00403003791146987,0.26229809148271527,0.35436678546776434,0.005461299833782133,0.005062797154841434,0.005903030728292141,0.005989860784340172,0.08171631407380427,0.006282296153632001,7.524800235369987e-5,0.003964380827140687,3.436305441234676e-4
68,0.18062099785987226,7.531740818657077e-4,0.0025629058177695702,0.04026106067917861,0.07503510017438443,0.01637950206715546,0.026693990793843277,0.20153509679641693,0.0022862104698797977,0.0025498808356834136,0.337716876088506,0.0035695523803269996,9.259114831437671e-4,0.06674916846725704,0.042360572004716934
69,0.04398043796227112,0.0019830785102345483,0.0017253233973872645,0.005444392723049483,0.026585773229627848,0.6687019028772975,0.0028377620536540935,0.009061568503867842,0.010042313812269492,0.008713423455404053,0.20765376218522094,0.007973782802078293,5.964793761886229e-4,0.003883647934873699,8.163511765749507e-4
70,0.005783952906137501,6.148824443626915e-4,0.003572558877815638,0.003509455809495505,0.8348113933862348,0.09929683731924235,0.007869326965981208,0.0014063687804919734,4.3923241722051916e-4,0.03190703671484634,0.0072045781679460465,0.0024820280006675926,8.10262214364502e-6,0.0010067405495671799,8.750503784765238e-5
71,0.3455087047935398,3.2285557865775505e-4,0.1740143860563869,6.256456858833939e-4,0.09451003064655594,0.09320330485288451,0.007578531900302716,0.11721451149481936,0.0012491931993870676,0.01817314814566869,0.13046564004374733,0.004974167394266705,3.554989526389381e-5,0.010595889629018926,0.0015284406836171497
72,0.8022965919036896,0.0022459844536950806,0.0016403352246353098,0.001332951531617051,0.003867948119699201,0.05169077990229119,0.007181488403173332,0.02440773421684855,0.004811061248570065,0.0017875501334882527,0.07307401517992297,0.014791483968087079,0.0010220783256711355,0.007828606585434798,0.002021390803176107
73,0.5943408371758894,0.001163448478217007,9.0876249011206e-4,0.00124555709927785,0.00475413337042495,0.04745564102674373,0.01710260110377164,0.05672620126531704,0.0028923828730276924,0.0010516455175603784,0.2555582027302383,0.0038224260071155407,7.383626827476092e-4,0.00914896094710803,0.003090837232448338
74,0.3983458934762428,4.428662285696745e-4,4.28847598323951e-4,5.412044168229863e-4,0.003302801003741168,0.2788461011484003,0.0013672478343477123,0.033106645753898496,9.701138914545874e-4,0.029610543454787207,0.24075843420863943,0.008543548405235028,2.0314073324494814e-4,0.002388467449307023,0.001144144396984851
75,0.47322134010004935,0.012087799045383839,0.005561004333209495,0.004067662706275953,0.005607776383610608,0.19316724819013154,0.002958312306879342,0.004877836751355354,0.05015503010247652,0.13914143069616783,0.03273582260482889,0.06255873739512058,0.002622254841356246,0.009904557333855748,0.001333187209298756
76,0.0197710933014522,5.102418958061078e-4,4.2379224585752296e-4,6.768357306587366e-4,0.002315458632983818,0.0015739840215272275,0.24698990494222325,0.23440581431933885,7.613021200130281e-4,1.6082543770144932e-4,0.423037504292699,6.718016141380977e-4,4.693656650139497e-4,0.06453365573403802,0.0036984200465490433
77,0.01075955106478497,1.3867647299044524e-4,1.1563223930456409e-4,7.42235111823608e-5,8.546869793923405e-4,0.002045145223025626,0.0013975122984873592,0.9684873783277352,8.198684190644702e-5,7.302843702706569e-5,0.01336195010005355,5.378374726433185e-4,3.708487138732074e-5,8.182088899109867e-4,0.0012170972701685825
78,0.46684599545614386,0.0013225117991017977,8.816846888156478e-4,0.0010686458508980768,0.004375786119366636,0.38120835450221957,0.0026284135140868274,0.00505488667819631,0.0016465210743270278,0.061028954065280486,0.06159352719504234,0.006843459518533528,2.473673262263761e-4,0.004638148122512577,6.157440892484709e-4
79,0.38355836892805356,3.7457217097118045e-4,3.1409299749393205e-4,4.081838013236684e-4,0.0028979368795068634,0.46245077015420755,0.0036452474759688046,0.06279858180347511,6.483090137734955e-4,0.0017351853770971226,0.07546064811252114,0.0019991899363465153,1.2416393522537357e-4,0.0018623054034166157,0.0017224440106194928
80,0.08596642831380029,0.001393282055483665,0.0072414441301256495,0.0140747820086178,0.021530838893512927,0.04841273798644122,0.009841384395932008,0.3292314793287912,0.0019221655805261543,0.011860670400103426,0.4468364942960649,0.005599357776890202,5.424497771411944e-4,0.013258534525501449,0.0022879505310680072
81,0.004163344378679333,0.005333630567370285,0.0026179934477910806,0.00500577803397644,0.0016283970946940072,0.004901786042101554,8.323487031659389e-4,0.0010087839129855015,0.7368640561215837,5.111387792612165e-4,0.02168391306364518,0.1391947254899474,0.07367828896269353,0.00190995651292626,6.658588891788057e-4
82,0.012410213577845464,0.0023744632231268987,0.03025049540418823,0.07986391054351705,0.48684033185150694,0.24244268856894988,0.00514605147703426,0.002126906186818234,0.007126990042288799,0.004530728547259752,0.11553446357787889,0.007331773554125485,1.768124796693169e-4,0.0034693990675610277,3.7477189822983847e-4
83,0.15660268731997432,0.009368994790639257,0.003761445509999233,0.10784859450804614,0.023322761789006295,0.1461012975288247,0.009004816950264748,0.05460572103261745,0.018179143374174797,0.12217778974932068,0.25179192222246277,0.06292152821196152,0.009288224205657235,0.01977547556635089,0.005249597240699967
84,7.206316050112472e-4,0.010668600665068096,1.8085168012641946e-5,0.0028207380504792962,2.8059628022019575e-5,3.154722676327859e-4,4.0398428298851985e-4,1.9234285161673925e-4,0.0028563348058211068,3.568845924706426e-5,0.001167413368193001,3.958893489656506e-4,0.9801463996196329,1.717956084243488e-4,5.8564270884548764e-5
85,0.03971844450970492,0.00922579076378859,0.0019123147755317495,0.07705209430592964,0.018778548821054442,0.5035703189079612,0.003016154548715728,0.0051789959310114524,0.023410697952912903,0.0245738889271967,0.19923338501153723,0.08217712402660002,0.004483832480644433,0.006674464597883957,9.939444395266172e-4
86,0.07011710968066481,0.19906730130252862,0.0016267750697114833,0.0136561586949993,0.014813936105462135,0.44430253873053627,0.02321805182689809,0.006784524735691425,0.009080726843056249,0.08263931460616497,0.11274188270543437,0.012597730802338412,0.002435496175467785,0.005930943473912196,9.875092471337674e-4
87,0.0029454900590556677,0.00293887364990866,0.057372578209981276,0.004592873835145521,0.05413413534167696,0.0542976871393832,0.0016221596622510866,0.0037669086826733677,0.003535422176611526,0.45710420007035574,0.012663330874916221,0.004224348620507313,6.366179692905893e-5,0.3362275278588522,0.004510802021752267
88,9.132799450826892e-4,0.0016567205094655234,0.007107749294172071,0.011360840570567809,0.07094752254139863,0.08405776021586797,0.0011489862845692367,1.269155302990073e-4,0.0064303936685701155,0.781172317226752,0.009391540452368976,0.01106429373200184,7.619729918747926e-5,0.014489674142767394,5.580858692958868e-5
89,0.0011588011714316262,0.0021843595434151877,0.001853176846244013,0.006861615805269024,0.12297319952302835,0.0025105502177055275,0.8333722162379821,5.292220610007619e-4,6.247768895236581e-4,0.002007671153023828,0.02019910577452354,0.003847570829525387,7.192095343603988e-5,0.0016010144472372138,2.047985466535069e-4
90,0.002392193724293183,0.002282162283930764,0.0030578639811444474,0.00329994854377652,0.03402792833715382,0.1278375772092885,3.1428187341817624e-4,8.496934449919144e-4,0.28654725804353615,0.0958972560327973,0.16697049646504047,0.2708386918402992,0.00410710138100041,0.0013074579766303679,2.700888626986417e-4
91,4.425707735488761e-4,0.0015715964906475235,0.0036898645204079834,0.033674090951191574,0.7868753988648199,0.001453358366500298,0.1510654015418377,5.191234061098646e-4,0.0011727505826019465,6.434759987413843e-4,0.006390207926801538,8.337985316714715e-4,6.549843647004636e-5,0.01151826272676697,8.460088188355019e-5
92,0.002682050577452239,0.5892800385020658,0.003354415750817342,0.06626194363559354,0.13300176603607936,0.009033421058159595,0.1649462929205027,9.695086629199297e-4,0.010398065581684594,0.002418115453425809,0.00803521437328476,0.005548779484699217,0.0020704567763505694,0.001798770692274038,2.0116049469009334e-4
93,0.019337569311318838,0.5010351650896864,3.5122811718237885e-4,0.0022981634223268503,0.0010938308102925814,0.0018460188542187997,0.4359091960830523,6.10428857059802e-4,0.003970018632796632,7.565634726417493e-5,0.003558068026883904,0.0028754692728291684,0.026055355190530757,6.89448998946885e-4,2.943829856099058e-4
94,0.7649319448001772,0.0022217778213908463,0.004524183921250143,0.0013645163756285737,0.003200894966557531,0.09126067916575768,0.0034580551345048684,0.00958596864083028,0.00589325833814868,0.0043348382662264035,0.015375740715507685,0.030065832195426197,5.902210332566745e-4,0.06196883918960977,0.0012232494357270304
95,0.07702647564945082,8.815939445536328e-4,0.00444945032452199,0.0012975707929085297,0.050293221693977125,0.007676956015733635,0.26660700278537475,0.16641085607291592,0.0010747130399609997,9.445937517748873e-4,0.12734037951307836,0.00219777920102875,1.086482777366262e-4,0.2903241215908098,0.0033666373461741137
96,0.07542677472545276,0.003040030520026693,0.014923187293442101,9.761688686113649e-4,0.007634327996501848,0.04942396504696154,0.014038702769719781,0.13349519491568235,0.003437385896728085,0.0020866664591253515,0.6582043538386326,0.030015084771599206,3.6639385412812864e-4,0.004172879667484766,0.0027588833759030415
97,0.801542424432508,9.901842066435697e-4,0.0011738373445490484,5.632276884532739e-4,0.0021738190457653663,0.15358154166362742,0.001681818461900941,0.005795164153329808,0.0019199829119191834,0.002273257498352471,0.011115804925455233,0.012634310069821129,2.469653200250567e-4,0.0036915914253329496,6.160708523160926e-4
98,0.1211315766070403,0.012458915731566614,0.2227486859265056,0.007876344794198239,0.15357384097326207,0.20363235458871903,0.04570489186308336,0.011938867648515575,0.135264924113519,0.003841013874472491,0.02960972955649861,0.035291024832340465,0.001119321269479971,0.01359026201260271,0.002218246208195987
99,2.385642643345449e-4,0.0010733119314216652,0.0010454212377507992,0.2094344402718839,0.6060823805951023,0.004067870417949226,0.004716924319019741,0.10621007346330603,5.772294685636077e-4,0.007770537581186285,0.052683450257820875,0.004411359960004486,2.6150757554248586e-4,9.561299468385421e-4,4.707987092750402e-4
100,0.0534474932503223,0.006885797870679499,0.005240070342747943,0.0061895897157885574,0.0087983776109143,0.217260231800454,0.001983517857032925,0.032628327058052284,0.010279592966688244,0.33361601477097363,0.035299995487747746,0.11692360870847777,0.001005825809007791,0.16703600744234087,0.0034055493087724424
101,0.20846338307239218,0.0022277233286552944,0.0049559405639792425,0.003358374233826884,0.01741110849269316,0.10979414829829791,0.007307858376601855,0.28336639987332085,0.00494535102832673,0.013581977889688384,0.16643046210931295,0.03058903279605253,7.107464138816958e-4,0.14134791626250212,0.005509577260468468
102,0.0023029211529658642,0.0307097066342984,7.493625956127948e-4,0.3956156943806056,0.007850819747942446,0.0026884616365956534,0.18903472278180358,0.003542188357798544,0.06504552059643817,3.7878800507142117e-4,0.16981971498034892,0.0023681492491077383,0.12487972171483068,0.003118222107685374,0.0018960060588946454
103,0.35963144483852916,0.003430724314708854,0.0018171155481433432,0.01246945621799644,0.010891431818213832,0.40177223293254793,0.004583976699958641,0.019376714229267948,0.01030152270100699,0.012503853385059927,0.13176849637597454,0.0096061439514788,0.009673648565293678,0.01014294172335649,0.00203029669846308
104,0.4802040907884602,0.0028338849156391245,0.010329665111107625,0.0017184171319665474,0.01163350426120914,0.28877578251374864,0.0038235514498587446,0.05710767265719163,0.005666758534223605,0.008334687446122665,0.04567850705812214,0.07390051397923261,5.206778052243275e-4,0.006432584824439001,0.003039701523454275
105,0.8078374591403686,0.0016690275759805046,0.001137714871464466,7.681002240478564e-4,0.002720067234284378,0.13650068632040918,0.0023285941160846135,0.0039598299743174616,0.002705374655403279,0.002456844577055429,0.015128197826697491,0.018791347571221563,3.666686572065742e-4,0.0030561979734280496,5.73889282030699e-4
106,0.9381502378630262,0.0010566610381186974,5.834403303052474e-4,2.6543282010553997e-4,8.397068634370342e-4,0.006569891767425272,0.027904052642595392,0.005282400166378337,9.639992816962269e-4,1.6550834564958708e-4,0.011267917364393178,0.002530046623088594,3.352649185348284e-4,0.003174585428017266,9.108545472283464e-4
107,0.34620101328510755,0.001048560866018505,0.0010554564139452253,0.0014641137035295282,0.005983766351448652,0.5380743620176209,0.0025113135251032363,0.01794452071725199,0.0029001499104047996,0.005766027797888013,0.06555458048070412,0.00455499164296419,3.5312476494892773e-4,0.0054425175615529335,0.0011455009615113751
108,9.606503626760986e-4,2.390250437472195e-4,0.0017790339733268462,0.0022992603637987546,0.5252280946164214,0.004286589379548078,0.019656637665998063,0.02219206642556741,9.01064433404376e-4,5.628619392462572e-4,0.41911860340803575,0.0014762095308800513,3.4464621458956935e-5,8.389974084856039e-4,4.264408274054765e-4
109,0.1760416864686449,0.0014123420267249682,0.005996034660465784,0.00110238828244593,0.005993173127449719,0.37903607840036174,4.0310656659582156e-4,8.877702484681906e-4,0.0027942199466516734,0.05757647328380305,0.0035438228009677724,0.3623217378573006,1.1376098510052548e-4,0.0025838915292824686,1.9351381573679693e-4
110,0.18130939167625687,7.351691935981972e-4,8.9615536985073e-4,7.036927815892297e-4,0.0034260463312149776,0.768105716228039,6.022214911469238e-4,0.011059894158280932,9.989827072870857e-4,0.016731049035668688,0.008466685262463636,0.0034969548794185723,9.116909362178697e-5,0.002901887307932897,4.749844836305502e-4
111,0.031192281165455926,0.009048541116329724,0.11303480098232416,0.0160814475058086,0.005556985967540601,0.008005274929619466,0.004230663888374975,0.002090811179217153,0.5798769814768748,0.0013419383729288265,0.01869488047494594,0.0994966145417832,0.07148658153024273,0.03861481550397066,0.0012473813645832357
112,0.005628525965918895,0.008848978441629664,0.015199019482729864,0.11670658932165263,0.01890088497432885,0.008399251667582677,0.1982526946685219,0.27121429993243834,0.05176480070752615,0.029577633517682375,0.1707625995707777,0.052508077643095105,0.010643619893366154,0.010824253836524267,0.030768770376225368
113,0.005261319859423123,0.045931545827963945,0.0025431516258919463,0.05766945529553014,0.02647705423754213,0.0752712284897539,0.0029395269970645395,0.004134418533311868,0.2073461104479019,0.01004063998473233,0.2984156856518666,0.17167514012077126,0.08760849284467113,0.003801408872802914,8.848212107725278e-4
114,5.715339614446771e-4,0.006834205868334273,0.0025656306313423965,0.6607363446167812,0.005479297189175421,0.008975961116205633,0.0010502890439627536,1.4715851154126713e-5,0.08193113360970013,0.05525725538155249,0.007299961218824996,0.09377759688552655,0.07298662183421183,0.0024800495174424966,3.9403274341812575e-5
115,0.003144407828532163,0.002110056193747218,0.06353615728893355,0.10443667393646876,0.030176332797734098,0.050926445120792044,5.257728570577216e-4,2.5013254959274254e-4,0.01029307654349854,0.09703387443431284,0.003975411919194528,0.6248270654933509,7.012640713044914e-4,0.00791988937270622,1.4343959277375953e-4
116,0.0768673159452351,0.0022769984577563135,0.0038990605934830203,0.0036920557665619303,0.06219270064466338,0.3889501843253841,0.005639085638348738,0.242473390565884,0.0024525622804122383,0.05989845719209691,0.10571062333633738,0.03528465613301769,2.461418620618033e-4,0.007703653897233874,0.00271311336152379
117,0.03726974896623103,0.0031398466083981036,0.00819982192297556,0.00816949601603904,0.7272827176311821,0.05202599039947661,0.07164447774444332,0.01437533451378002,0.002886295568004059,0.00426568990192925,0.05158203292396014,0.014056745704000865,1.3005485953119416e-4,0.0041654229318123705,8.06324308236077e-4
118,0.1276554636180634,0.00929545006122746,0.0015381588485670543,0.22136342479277962,0.01225548003628645,0.1295002338157421,0.02308512020207153,0.04335251602398718,0.027186178959199267,0.005768749785464822,0.29286537007477614,0.011781121291776673,0.07854628852020672,0.011447788545065821,0.004358655424785835
119,0.002034754785760091,4.495012561541893e-4,0.0023574277876663658,0.002042502594963681,0.2120752607808412,0.23214087959190116,3.531381456194233e-4,3.812060517636554e-4,5.643654853619017e-4,0.537433532053274,0.004384630937504573,0.0048960044608975465,6.144088271248402e-6,8.487814093514405e-4,3.187057066944999e-5
120,2.1117018912699458e-4,1.0547912022790495e-4,0.0012861377645551739,0.0014381978804476091,0.18991614247981695,0.17919630322332147,1.5248552290992806e-4,3.5393117404407436e-5,2.136547952666241e-4,0.6220785259091848,0.0023494396179157165,0.002424201981777714,1.1201542122181135e-6,5.856379975522812e-4,6.110246280519873e-6
121,7.569368738762096e-4,0.006377302929802908,0.01044779722074534,0.5052162915943633,0.049305455408655,0.07336350118038426,7.566000022371535e-4,1.331982329536496e-4,0.07031399835939038,0.25668136871672315,0.007586998219574911,0.006364076610103607,0.003088865711529052,0.00950883047807992,9.877846158035931e-5
122,0.010828762538984165,3.7489381929936463e-4,0.07270935335505488,8.3832192270634e-4,0.054062345624281256,0.13444942621463948,6.342608934616579e-4,1.996880901316313e-4,0.0015311343654678857,0.05969963100129554,0.0035984702853275015,0.6586159713270819,9.870795151001282e-6,0.0023807686464322212,6.710112068567447e-5
123,0.004810803935432748,0.0019680185176590382,0.16258091442995204,0.020285182481448966,0.13794552967875737,0.047788151352905144,0.0038167498780411805,0.004461721381033072,0.29504026830417557,0.05217186656231324,0.22532921964312327,0.010298795195947391,8.064985040871763e-4,0.03157284369655209,0.001123436438571764
124,3.0537710068225687e-4,0.0016407908291724035,0.0029624148188528146,0.1449529889605351,0.6850192025557701,0.007228492495212561,0.004365168312402802,0.03487548627304507,0.0034120759349546424,0.015658677945899785,0.09391991551140205,0.0028705523823033107,2.618323497634396e-4,0.0018675363192388842,6.594882107644076e-4
125,0.034089367629097325,0.0012963671375320455,0.42009281114517527,0.0038120991030496246,0.3392585021109248,0.05305693506510124,0.06453034276820634,0.0019272356037807472,0.04885515536950469,0.0015527272799342035,0.016688306211054982,0.005036812958207827,1.2256527976620523e-4,0.009112691501120297,5.680808375443133e-4
126,0.8237161067605762,0.0016811426416435502,0.0010181571454606591,5.842927725520449e-4,0.0024549268546463035,0.10744516110650718,0.0056922713828335214,0.004266364567265606,0.0020550843932523617,0.0016316913265547331,0.016947764294498992,0.02934763408578174,3.130979410279476e-4,0.0020610490426468857,7.852556847520832e-4
