row_index,Topic1,Topic2,Topic3,Topic4,Topic5,Topic6,Topic7,Topic8,Topic9,Topic10,Topic11,Topic12,Topic13,Topic14,Topic15
1,0.09103607162981298,0.0016922026118900962,0.0024591701425261568,0.004734807136557841,0.16502363081249316,0.012435417287766128,0.0051474166914387024,0.01049804687596522,0.01329085414637136,0.06996776660389953,0.21049384467370544,0.005781769411644286,0.026225647803656195,8.261244276450643e-4,0.38038722974462785
2,0.13184177081805654,0.01978825222283286,0.009214969737712901,0.002523257025479392,0.10275345940488291,0.0020307915579672064,9.32960693555648e-4,0.002219827806993307,0.04661586034124571,0.23040407351209483,0.0019259571336117597,0.0030618540925153154,0.002508153981273828,3.791853111474511e-4,0.4437996263606303
3,0.006000691082783687,8.039041203652064e-4,0.002344316031797273,0.5383523686346722,0.01300898175483716,0.0012954772152377805,0.03999608463110668,0.0030783120410892233,0.014690896537331289,0.03589901905997149,5.419052305342578e-4,1.7125039100495467e-4,0.03543447116694092,0.028913007931912916,0.27946931417041493
4,0.0012549671297918082,0.38295214839769426,2.529779545058994e-4,7.673993049921383e-5,0.003530783797758675,0.5808018672656634,3.0700097017914794e-4,0.002855357780154033,0.0015846900637855933,0.006194585669660261,0.014615759746580222,0.0014437045676100131,3.997864068257209e-4,0.0015066373254179137,0.0022229929938733816
5,0.0037079070696986456,0.006252091314406648,0.005872191903795147,0.0026214964008455075,0.004636638804342353,0.0015660084705120699,0.2776288242790925,0.351899202048715,0.05458987112116348,0.24099669072663069,0.001830523581048867,0.0059050368180029065,0.015476128402608808,0.022267714395476167,0.004749674663661596
6,0.003923733467595287,0.2532927097856178,0.0041683457634222616,0.0010139271302481911,0.0029751598117548524,0.173693512584786,0.002782243761303049,0.3549542945677555,0.012359245557761057,0.14652125502848204,0.005740116859989117,0.03196671291352641,8.231853272533605e-4,0.0026743918803688116,0.0031111655601365174
7,0.011455533753070637,0.03376780462678504,0.0037431329159434423,0.01976265977871184,0.04678226383202322,0.008736561145618433,0.0020493804720508684,0.016459575543100378,0.03570045764366733,0.01722110231416336,0.0073280828278546395,0.002399539083021179,0.5520689472269064,0.23637979573239862,0.006145163104684475
8,0.06014457616697701,0.06679381302490539,0.013243672577256085,0.15626060607408102,0.16213111812702447,0.05870600497393354,0.010559143781068618,0.23005995847368443,0.04330197821455083,0.021673025612192066,0.013840776184108583,0.013780944389766198,0.12717995465935666,0.010881192674143192,0.011443235066952055
9,0.006148848650026019,0.0017011073650077823,0.008366446817599514,0.002783850441806218,0.0032008764016603175,0.003825719112291317,0.3516699910216184,0.01303271572241679,0.044699307422782386,0.4772519458001085,0.0063696544118635335,0.0037542981402001966,0.0021194738208592887,3.748305518871333e-4,0.07470093431987261
10,0.005205964506963441,0.005364394056647887,0.00879855631524994,0.0037857150944213226,0.004039229747491542,0.005654995826761257,0.3872964044778304,0.09285066701725889,0.032802512204517735,0.4043584384861936,0.005497155003215385,0.0057072169164737625,0.003502839945738888,0.0011208603899274573,0.03401505001130841
11,0.2540476121894176,0.002844051471860774,0.019838170725007813,0.0033676204509923936,0.006609679739387039,0.008177841374160643,0.023183577698587317,0.03266863296906224,0.01883372780088012,0.5656245722755288,0.012914832173823798,0.0022791817162165435,0.001436755866265912,1.874562227837152e-4,0.04798628732602512
12,0.004495906677771468,0.034191825216640256,0.1746519540532199,0.010948193612781917,0.15080575792815112,0.29671953782818367,0.0013218999887230159,0.005860390775391989,0.27631973551991873,0.02701917392505323,0.0012363843165467073,0.0014995526241644416,0.0040164127438452515,0.0057225552711600335,0.005190719518448692
13,0.17511139056890004,7.525624942338795e-4,0.002467522182936357,0.02061400024620097,0.3627486067462119,0.013489539158844644,0.03578970778403229,0.11107146699146929,0.008882188470067087,0.01958339510400243,0.19388280809765882,0.006622288628953022,0.005784806020590676,2.530357474320198e-4,0.042946681758466526
14,0.0066611950654865675,7.341021656816299e-4,0.00916904308115855,0.0020407333102295047,0.008251430595000393,0.0023365153335357307,0.004282019862034044,0.0037688360405189465,0.06719025885605041,0.12034519948125887,0.06010381938273837,0.0010717131449388651,0.005812328861472002,5.594212831409126e-4,0.7076733835367552
15,0.005145694539812474,0.48141968144237773,0.002428303497505334,0.0018401761658924422,0.08803034040282291,0.004356892499154521,2.592308975920383e-4,0.004532910568699237,0.06396713469901895,0.25990276896475756,0.0010764672646443876,0.08066231368796334,0.0014338639563515351,0.002011585475262443,0.0029326359381448694
16,0.004871529390919748,0.49543250705484443,0.012799170726632843,8.139693100700501e-4,0.0076441490210672584,0.2073545826643094,0.0014856158372981744,0.006981092837193366,0.04511005715008397,0.17899093789160717,0.003116669913504032,0.008807652431148153,8.535857698473065e-4,0.0022985547890669125,0.023439925212406888
17,0.006907275861644701,0.015146504358907879,0.0027124747372883045,0.01025042016323597,0.027971808401087376,0.01616040014109049,0.0015806258137437386,0.008803384941739066,0.08180510246134884,0.010231275365170238,0.005560087380923904,9.599255396735197e-4,0.6478114051020238,0.1611002533568097,0.0029990563753127266
18,0.010917643842362929,0.011426587808930364,0.035611094751432024,0.016745406819886073,0.041171245342088575,0.27570680665053293,0.0033919988343196514,0.008847757685207182,0.515025586229972,0.05968885766203726,0.0040946632633863745,0.0031016063855843793,0.0036103062808427533,0.00209228301698086,0.00856815542643705
19,5.727991714525869e-4,0.6269444626923273,0.0017164688937933777,1.4378111023164925e-4,0.0012739757150522228,0.0015389113529398638,1.421568311189798e-4,0.0014643163363592068,0.0288045553354827,0.33115782100002306,3.9977719374919164e-4,0.0031205054439892603,2.2605590356599556e-4,0.001376071929342505,0.0011183410905718839
20,6.478436408513483e-4,0.033898312780376375,3.9481000484514967e-4,0.001512697238501027,0.004234265562402485,9.443078483324206e-4,5.981351257182965e-5,5.6024744274204e-4,0.08894653305086296,0.0016898996921505124,3.774099566051175e-4,1.0426708470111506e-4,0.5366306186168964,0.32966441808744035,3.3455548072004824e-4
21,0.010697384906478547,0.001521905459302003,0.16980385927370636,0.0025828916894703453,0.00459937415598554,0.01692516822022904,0.005183146528793503,0.0038863762739123264,0.012591650056800092,0.10610522090070017,0.18967435599663623,0.003228738367987251,0.007687747294886522,5.341356439342177e-4,0.4649780452311778
22,0.029917114477296315,4.52479299700985e-4,0.02094883869090752,0.007309483162407339,0.025721740049043127,0.01300991142637015,0.04159623673225086,0.015224876821009042,0.003742461414428232,0.01610836725295723,0.31075137292664134,0.020724874119295394,0.01039731281346221,2.697581481624845e-4,0.48382517266606784
23,0.020827462401091634,0.0027510897416542683,0.02107664478016339,0.47384129915475665,0.05452529909687982,0.002906018931885645,0.005335644665543197,0.014970502607319717,0.29988918011261845,0.0668465669240711,0.002209897665439984,0.0014920579744872912,0.017711495503488,0.0020590116191662637,0.013557828821434345
24,0.005747740199900445,8.672321117956475e-5,0.003371638708879817,0.3863335251353918,0.0065474751975196695,3.4086838126141407e-4,0.018547773590973603,0.0012262036441930825,0.008597405449418104,0.0970116001330919,2.4107281151108261e-4,1.5201603955447142e-4,0.002083854880938165,2.277001557958746e-4,0.46948440246039097
25,0.18769173089985391,0.0021935500093540517,6.737082613211304e-4,0.0014801681390929672,0.013054122095207912,0.009584154378635433,0.02541597574563556,0.03773345132095959,0.0065228311912435815,0.1881749545063764,0.3470526035696037,0.06937482230706027,0.0021950180598573356,2.6517239468120573e-4,0.10858773712111701
26,0.0016770225813049634,0.17569992284039954,0.01962595847461764,5.54471666427079e-4,0.0010127506170372598,0.6598739426515563,0.0024181309785495492,0.05559598530037132,0.005931903332283011,0.04730591162304896,0.012704226040929776,0.002116398658045729,4.878343248285385e-4,0.012094423980479944,0.0029011169301208397
27,0.012139066821992141,7.518493303869466e-4,0.2904009386521253,0.25010454325528114,0.013039896331918146,0.0027374057965608967,0.09583373349639741,0.3036916511866189,0.006686615827665364,0.0039555456487151445,9.062969358502154e-4,0.013228088369816685,0.001827733060784758,2.8599120551495594e-4,0.0044106440803721786
28,0.155508223996105,0.005848841311241793,0.005575985482198882,0.0059692713877654326,0.01024362926814994,0.017567910937770957,0.012431191559530335,0.3429147825657381,0.016658374619430347,0.12650559468304023,0.12209254186342118,0.012999268561252084,0.007133593810528423,9.874818532745573e-4,0.15756330810055277
29,0.03119124532014847,1.9946589755043197e-4,0.010994141977545686,0.22036638694979804,0.015880606699476753,0.0014903494157728686,0.005829828919074905,0.004337263102213474,0.011608327238263645,0.0804308456232459,0.07410961611855929,0.002904269639415277,0.009256358684759578,2.403708336354533e-4,0.5311609235805402
30,0.1233300757852868,0.005347492292220926,4.73864054457652e-4,0.0014930624222148068,0.020271308992084423,0.014237086134258847,0.005504950796876507,0.10128276085271229,0.003925730123843925,0.14164180195200057,0.38560586940650643,0.15377245880942622,0.003328299575883283,6.151847265230186e-4,0.03917005407570418
31,4.4740959024010057e-4,0.4954821147760219,9.23248970158847e-4,5.34000588383026e-5,2.1479965956877934e-4,0.4583775567903725,0.0011542685276417493,0.0018739690902769843,0.004713136966811461,0.031826586132202364,7.846359406660879e-4,0.0017427972453162052,3.681165665911984e-5,7.663559589807687e-4,0.0016029086362448486
32,0.004133221204911018,0.0013339963418959287,0.001090056792603383,0.004448531866824441,0.014396090144453994,0.0010836467207070227,0.005434867124690157,0.00263703048171481,0.061343473436549806,0.017816816025530917,0.001546965774605559,7.225312053854925e-5,0.8013131511310756,0.07713159304306683,0.006218306790832005
33,0.004603754017044174,0.37986311008499457,0.002871077774441905,0.0018817237244526462,0.017289765578405294,0.2574167537412251,0.02286015007365748,0.007484864474122867,0.05224293763225875,0.08498050468167169,0.0036870819762210606,0.005356800970619785,0.02542081435399711,0.1294049626921448,0.004635698224743083
34,0.0673047302759593,4.8633821771725677e-4,0.03366781448067969,0.04492309315600797,0.19470388964244836,0.001062342727087665,0.001468722841723071,0.0035820368133965114,0.013176013166384448,0.1133787565473364,0.004363446997899408,0.0034149567720758115,0.002999674253766701,1.0862232765784974e-4,0.5153595617798595
35,0.29587748054410845,0.0011100604174693073,0.002392427616255033,0.1057158817952467,0.26562715461447806,0.002561420022304451,0.0018326307317060695,0.04544721050988868,0.04214293684459165,0.02759238680129491,0.003638863280997256,0.004708178778578314,0.19050039219425702,0.0012192434481843705,0.009633732400639361
36,0.11784423458849799,0.004289365804722445,0.002231908727203216,0.36322091153798064,0.007777837269373359,0.018359476057674268,0.07652665455975072,0.008505336797500308,0.005907741895580858,0.1432294970710838,0.0026735015130569815,0.03522587444522717,0.008580041944151809,0.006220575132638189,0.19940704265555836
37,0.3095508979173308,0.004692583543150868,0.003303742945232167,0.0035592060756079224,0.015526975437590802,0.003848372995089272,0.001961437419011045,0.005105566066371224,0.16537629627572253,0.4673977295803413,0.0012019437516196504,9.934696747587427e-4,0.00341264783479765,4.7129056385115736e-4,0.013597839919524684
38,0.0029887187702727458,0.2671339461402065,0.0013746926522964888,5.3326314300475996e-5,0.0014765339978482495,0.41571571395255025,0.0010293212617066886,0.0034907651993473644,0.004955442839665577,0.24815998438214656,0.004331901083262323,0.029519463276738527,1.3266883980136282e-4,8.11926750221974e-4,0.01882559453963462
39,0.1492567093819763,0.07366014946828103,0.01947767690879472,0.048371637676494376,0.01574078585459246,0.005786945276990641,0.3153443204239425,0.16356550433059144,0.0795395971200387,0.0926744913304652,0.0014407381892668828,0.020413600366471066,0.005277716444301437,0.0023095189384885633,0.007140608289304867
40,0.0042326467562271005,0.0026991945273691685,0.0035197711445584686,0.03301335182860193,0.009494498963532164,0.009295234958708,0.0027486504773800357,0.9135618529682266,0.006117485595820397,0.004039408513950725,0.0028583006986835986,0.0017938554286891725,0.0035439437741124737,0.0015697411071800714,0.0015120632569603598
41,0.010610509388634757,0.0012407403212786627,0.014256463517512955,0.31520192579300244,0.5503302774576695,0.0016464615357826347,0.0016659824200978574,0.012106805760048788,0.043711419087959155,0.010622909116379546,0.0010538383458999164,5.229270337836641e-4,0.02487047157243505,0.0011227490424061562,0.011036519607108431
42,0.006692853644200001,0.00995604633952864,0.015597879315977056,0.2128415979415811,0.07474734191530938,0.0058633544187648556,0.004432295949396213,0.10317451092417333,0.0603583876172917,0.02317988567054847,0.0028803673140140092,0.0016938015294783464,0.23145685440164318,0.24364705845470386,0.0034777645633895238
43,0.00939974598739568,0.0010083069009143688,0.003395639450419678,0.014788837457589497,0.841804828735937,0.0012913520027561462,6.705751425266491e-4,0.0038371580065989772,0.020055986498274416,0.02474405327299576,0.0014768607961923223,7.6901862820608e-4,0.004276157253553324,2.759110682137294e-4,0.07220556879842645
44,0.013505446213895269,0.2479849317227607,0.023177651393722198,0.006829829702112156,0.01375576561872843,0.33358561557034794,0.0032484277194463835,0.01407704816760101,0.06302192675241458,0.20364568741350758,0.006313972914800135,0.0089861075943232,0.04507449630840166,0.008508100922487565,0.008284991985451252
45,0.1130236289908533,6.82301427984391e-4,0.0010971621626913288,0.0023326621918941643,0.16181352716477612,0.004804586741519751,0.001537305920808994,0.0032842766067382855,0.010394387336639051,0.0630409621446173,0.2063619623814197,0.0037545453887592984,0.00938321452971781,2.60837398768243e-4,0.41822863961281226
46,0.0843224710804823,0.002738184190156848,0.002596009507948357,0.011092201793095105,0.07749513593952055,0.03710190462169072,0.006195570074068598,0.06845492013712938,0.048885520274939025,0.010664681095733501,0.10732494899422487,0.0017388986242897573,0.3225786825785474,0.06061962248082183,0.15819124860735176
47,0.22148890791425163,3.559815949679896e-5,5.793854474283324e-4,0.10288074450240565,0.03360812472342562,6.426009957002134e-4,0.01109761808421186,0.0010322635856901297,0.003511413455787411,0.010160587784471636,4.7251520171956e-4,1.0865152740122926e-4,0.03837183064061674,2.298407839521472e-4,0.5757799171934411
48,0.010629616969251642,0.02489888595083873,0.004451472983012654,0.005233275047676915,0.12671109250396032,0.449144223368273,0.005857083506045271,0.12628404224542117,0.09149609300049803,0.13065828369538401,0.004304116988213467,0.0015259191579226514,0.0047590021270589485,0.0030945721024597324,0.01095232035398356
49,0.04966235937429226,0.1330472915189652,0.007291168782662261,0.0012099555883889742,0.008122734144470822,0.427316885710697,0.0026711323741220837,0.014028660045618646,0.03756562960139335,0.2297663713760221,0.022423449901559964,0.002675308020035085,0.009222565708005875,0.0018697780913484085,0.053126709762418005
50,0.01298432162497379,0.006961873915140385,0.0072936388775611,0.004742925272339142,0.006202034479678697,0.0020197553354959637,0.5525787337142974,0.1376392309131151,0.09733228076775757,0.14170893217973404,0.0012440882273149871,0.005907582535079874,0.011680985469876143,0.007255191909373372,0.004448424778262569
51,0.005209314405723207,0.0099420896787481,0.004376994989200527,0.006154795290383334,0.006528051944635072,0.007843384260221959,0.0040009044548936605,0.829349511753306,0.014973612962145602,0.09435935915010563,0.003998871255209324,0.005423975597847552,0.0023356454085859406,0.0014797510751839746,0.004023737773810162
52,0.017020365673236386,0.006034747163072958,0.0048976958931977186,0.031395550264768264,0.3438793137713935,0.0036484850562258507,0.007425288700815439,0.08678020201628076,0.07801013202555918,0.35087090527280695,0.0044041873242635,0.004139141932932127,0.013048033977228733,0.0017458109228790772,0.04670014000533947
53,0.00213492910323395,0.03030782634445404,0.0014193585863540048,0.014232278435374394,0.01787711735716582,0.017210212591681675,3.406951667600785e-4,0.009452080456507429,0.32397470354806607,0.002081378856149113,7.731500930323006e-4,2.614925360818339e-4,0.3177630241761068,0.2615916956660408,5.800570829917922e-4
54,0.13575728733146733,2.3684150210283666e-4,0.009133791222536889,0.022765958484863614,0.019628337380379324,0.0024583957812083545,0.2136792216645939,0.012424484664234556,0.020660021332912483,0.0854456935984297,0.007221133591030389,0.0017338267618652666,0.0036661234021392827,7.497306449451308e-5,0.46511391021774157
55,0.1887349204608007,0.0023290434174514374,0.007596204218941666,0.0033303198960485665,0.008889536117082462,0.011314591377581016,0.004897638757750206,0.013437967039078383,0.018713654006151367,0.49863294742633507,0.15932271229494663,0.027441437502844886,0.010672856893125278,9.255494666487227e-4,0.04376062112521364
56,0.0017341253445522196,0.6474250307124486,0.0020101165222096502,0.001755485658833465,0.01150162461092154,0.00206116959091883,7.144461317407708e-4,0.01841923090082457,0.0323480390135005,0.261756708206836,0.0011752892232514682,0.002505253524738439,0.007912242591964104,0.005319393517104408,0.0033618444501553268
57,0.002679592972247384,0.4080936057486242,0.04678107193431861,0.0010442555965989883,0.0021135272045793465,0.09207252127933284,0.002036846562021485,0.009805221491045074,0.14830040088238353,0.1985447056690997,0.037251053898281136,0.018549382561469888,7.146109408193876e-4,0.0020431350238875727,0.029970068235290713
58,0.00909415620410375,0.02057045023274108,0.007203274499883832,0.004649320883262755,0.012322443752816454,0.008566516238246726,0.004460229014296567,0.01890083084855225,0.23484760754840145,0.5998858011872314,0.012608427540717533,0.03497274639409777,0.004755847862443668,0.006079564018723345,0.02108278377448144
59,0.012946608663583452,0.002093915467749197,0.006930826556174419,0.11038672528139402,0.6364337346346702,8.09543249278089e-4,6.784051626691962e-4,0.005455209410864777,0.025318310384097143,0.18214756794585227,8.528478398244615e-4,0.0030022879794856755,0.004634603520523482,5.804289796850317e-4,0.007728984924148385
60,6.406562279347086e-4,0.04844244597720638,5.022424014782818e-4,0.0015940724266477737,0.003959565979620471,8.290452594018786e-4,6.451520663233491e-5,6.622734773252694e-4,0.17231752706673367,0.002251012355676888,2.950867665824564e-4,9.174356771315244e-5,0.4289893955663493,0.33904457643015457,3.158412905433382e-4
61,0.051972694946719834,0.0024403700175204134,0.19166923217751622,0.0059984658321707495,0.11429015607004916,0.0011427696649319301,6.781297307538011e-4,0.0032352490397306176,0.03785940882276975,0.44820929253232344,0.0020553218566468144,0.044933764283005564,0.07820329169263271,0.0019388717822544776,0.015372981550974016
62,0.01974850297671497,5.835420275945682e-4,0.003910283389558805,0.4352258373896069,0.00656368043802795,0.0012723979663534033,0.06542333059904797,0.003148349474207042,0.10922857436737513,0.3031698292107263,1.630297537030585e-4,5.297307772692059e-4,0.00201373900629538,6.830994441923877e-4,0.048336073179326845
63,0.0708248087974259,0.050227244871296345,0.0015927677029584696,7.429751229354998e-4,0.007144115355524764,0.0026315752248632055,7.737881382805856e-4,0.003773103376389689,0.026871019901396818,0.8148135908170204,9.573571303667722e-4,0.0018566451649374845,0.011169700958315206,0.0015840038300475613,0.005037303608241542
64,9.358087958272576e-4,0.7396179995984077,8.140207767802716e-4,4.169724274182308e-5,0.001209884892013182,0.21281143344273126,4.1085844596289834e-4,0.0022745905572144755,0.004294437053748369,0.02282095377838611,0.0013330554577756682,7.740447087526981e-4,1.420475843282183e-4,8.555721648501524e-4,0.011663595500480345
65,0.0043552484585558816,0.004558292010350447,0.041008191584406196,0.002047819781147203,0.0031416388374735003,0.0019827386184620766,0.2431260277959748,0.24559687707151692,0.030995253812587314,0.38685555084776885,0.002208181362187489,0.006271656227801241,0.0014784249612619464,7.375917085876343e-4,0.025636506921918448
66,0.0618320439464185,0.002098027334600823,0.002082017359230971,0.018190625366570762,0.058914262431761684,0.01367700750378377,0.016700145948655997,0.558059758424379,0.0075757842611744106,0.00497030075562765,0.008113551718959063,0.0017975302078232218,0.231157979793965,0.002472271651496503,0.01235869329555223
67,0.017744438791790957,3.3993922845697403e-4,0.0012355252499513865,0.14247695411208106,0.5555414503410174,4.1979552402811744e-4,4.7822179420299447e-4,0.0023550205425314553,0.04476044581722899,0.003033094778429029,4.732583948685132e-4,1.2442874567646466e-4,0.2277499315687846,0.001075144310469566,0.00219235080048206
68,0.009582916128660418,0.010571399583967422,5.78461572639167e-4,0.002121992741009423,0.04737779963559833,0.0010019111828201439,8.262077188174276e-5,6.826725686106825e-4,0.20051950603383256,0.028899441304174097,7.435962366280619e-4,7.813784183003554e-4,0.26116713520013357,0.4342970950756118,0.0015920735461323423
69,0.0048338720806460015,0.027320702693886378,0.11603327328361991,0.0015160612941213791,0.002120005519903794,0.0106992731383194,0.002397268051507994,0.013932421634305449,0.015625732802434053,0.5674947366555263,0.08769372277060525,0.10974745165444821,0.0015024796451759948,0.0013419169358900942,0.037741081839609905
70,0.05102708703129925,1.9414211366180364e-4,0.0020018318859475266,0.4742994354653959,0.013030051783377955,0.0010848907170324699,0.09418048018067862,0.002702318639915992,0.008681295379727878,0.21198842590629838,3.807794720605621e-4,0.001190641331613973,0.002099659294426465,2.513469827053842e-4,0.1368876138158579
71,0.11886012780222197,0.0066540362272482795,0.0019865026459387394,9.186286558803553e-4,0.00797750102722543,0.007446256606945556,0.003843699243332,0.07745550432359863,0.015920153913216457,0.6445771283825499,0.015500979287693983,0.002768282185597389,0.0016135971614291873,3.791233443449145e-4,0.09409847919277713
72,4.997150799934288e-4,0.28208905480400986,3.457110000974558e-4,3.776757699071757e-5,4.3581521611522607e-4,0.7042110535428063,2.087664514205573e-4,0.0026618290104645217,0.0014977710950179295,0.005332636566782579,7.124660794699191e-4,7.331156999469068e-4,7.401371869763555e-5,7.501097052599965e-4,4.1017445292676106e-4
73,0.011417863133679375,0.0028094555443055652,0.12359638469769922,0.018214979312106555,0.01056574377506676,0.0019111610897945177,0.35156329838452505,0.2822727542264562,0.07477789910899847,0.09752444869202632,0.0011866314810276724,0.003206807296477359,0.010215393826477667,0.0013965241802213172,0.00934065525113756
74,0.0021579557911663417,0.37532898172766604,0.0017642425456679748,8.673471228175746e-4,0.002188403975011924,0.27969400588294646,0.0015659321530596777,0.3111299499443224,0.0030135709369252845,0.007092105316970895,0.004166679378590613,0.006897546345143123,8.41440891225933e-4,0.00215417477211745,0.0011376632163679762
75,0.014597035591581695,0.0012375316686682328,0.0036909001364672663,0.09320214544565454,0.8299011070624951,0.0019100126207473897,6.432072833465512e-4,0.007555307410575611,0.01806571673064661,0.007242024747707579,0.0011443935547957682,8.685751946974883e-4,0.010835088086795515,6.256349808419273e-4,0.008481319484979037
76,0.019620639512775224,0.005587544410557248,0.004160648336616516,0.011570240995666742,0.8051260424975429,0.003484076899287621,7.505096759060385e-4,0.007410522732422956,0.02611634146930965,0.06699339830959822,0.0030692699431289364,0.004877969635289598,0.008521643850955486,0.001122441246059574,0.03158871048488342
77,0.005168027777698903,1.6619644459809672e-4,8.157931003221199e-5,0.027566756475941145,0.011205848283357736,4.128872821074876e-4,0.01107746224312179,0.0012080592879132389,0.00450166327845718,0.005425150065479974,2.2250609565803767e-4,3.504075762730446e-5,0.9202623890522276,0.005931638496476646,0.00673479514930241
78,0.11513537076711414,0.0035765272262170407,0.003840839950592033,0.02439889305659317,0.22514363865205192,0.001603262500468648,0.0011744270592180517,0.0047092601957675895,0.10352844203124897,0.2627473982966611,0.002488690547148864,0.003806822688714112,0.2095226530654448,0.027138206514729972,0.011185567448029466
79,0.019525984177572363,0.027108030117906714,0.006075235556954072,0.021073900248429037,0.10877379980360924,0.0063666420179921655,0.010780293192660769,0.25540576358576533,0.17718849730797118,0.1344151288821146,0.00653653466777553,0.004062241386137969,0.18771307467953266,0.020472715543839306,0.014502158831739177
80,6.714028931237887e-4,0.019253745846440184,2.2900239584808824e-4,0.0010897493779735228,0.0026308021705765796,0.001049887483372634,5.835557045610841e-5,6.062185237079908e-4,0.024503323057734373,0.0010101944521033587,6.118820448339666e-4,1.2165573014303211e-4,0.5424122251785993,0.40541287555220085,3.3867972288625795e-4
81,0.27244520394149674,2.6792360333142187e-4,0.03504963582008093,0.06279978895054675,0.08227748535156457,0.002069356248974165,0.007609772012415903,0.005042721658261817,0.10960438150132483,0.04662922064220533,0.013486201850252764,0.0010300360577043181,0.005921744460387823,1.2767077904757352e-4,0.35563885712240517
82,0.005624311077986427,8.535527430654307e-4,0.11654075939260684,0.0016825728668016025,0.0021441253770402157,0.002569164136997964,0.003675858319462006,0.004237172927076801,0.012654888043037462,0.3630710005263932,0.1823740775485874,0.0034081794276707715,0.0027467049524862626,3.5879488487532043e-4,0.29805883777591236
83,0.005954282216512914,0.0028396936644773624,0.003230524210841445,0.0012546832241663777,0.03205300618739543,0.0018135564092064513,0.008368146929803593,0.00256958800439303,0.1283938913356188,0.5848218181877701,0.0016654583813784556,1.9647608503639338e-4,0.0029685060104958283,4.154118535097412e-4,0.22345495729939396
84,0.0025055042222248275,0.3743906560441454,6.054413301281728e-4,5.625526355824362e-5,0.0010106334388277646,0.5245473222069446,8.211208654325114e-4,0.004448648871552137,0.0037985408351297193,0.062353126258985536,0.017312479598175928,0.002515251766184676,0.00022553493523455291,9.692220324164189e-4,0.004440262331059324
85,0.052321313182424174,0.0025824468750353267,0.040163632298041825,0.06463809384409734,0.027184714133347436,0.0019440654566740586,0.11590449787440463,0.358082044543934,0.2293680294030032,0.08630473473109512,9.774646834683853e-4,0.004639583939406113,0.007120743255606786,0.001206525086272422,0.007562110693189108
86,0.008855861852373808,0.05141635736781513,0.0040128847771797645,0.0054797047773815985,0.03342171789992623,0.36588573740399005,0.007988243730660791,0.33177346595015034,0.03264596288480372,0.06885104953167633,0.009713661358377047,0.0077321744553964745,0.05633099997311796,0.00998107792437231,0.005911100112778606
87,0.013810261352841784,0.0033921680683158466,0.00202061512026549,0.011775084495015074,0.5345557919948177,0.0024235121118592,0.0019525144001161182,0.024805307820710342,0.0364639441820742,0.047979467624625814,0.005731487155299265,0.0014651700169140702,0.28103292210613523,0.0048513561599437425,0.027740397391065985
88,0.0037650149618056595,0.003433799603921792,8.27148668995545e-4,0.006374493162349667,0.013973689696782563,0.001600347845443281,7.783298737179507e-4,0.004327513885784172,0.024976357934266256,0.004999841261773734,0.002209532539133428,3.220945413743337e-4,0.809912408418739,0.12092672266775903,0.0015727049381535764
89,0.02793736339363312,0.0018197618824527064,0.02555826013166328,0.005148950936056947,0.3545289892641826,0.004103411331829898,9.7307317082874e-4,0.006723073989855433,0.004206819320723099,0.023582923334907253,0.004836175746152657,0.17581891156002658,0.002111879932304021,1.729464706278716e-4,0.36247745953475585
90,0.004980688510938514,0.007999627249205513,0.004141477069125657,0.003288347858660402,0.15112810414179265,0.001992772043740101,3.3008342119338383e-4,0.0012903240578608346,0.18688905609910622,0.006933198080611142,0.0017267789193430231,1.9234399658256388e-4,0.3117253683220796,0.20304950169685151,0.11433232853290924
91,0.018896059357292678,0.0022978441470444862,0.10349293551574353,0.0030236503633938082,0.014768733587031029,0.04377332999968325,0.003953586003605712,0.006840303247353242,0.031151629526693737,0.2705842373471893,0.12192516016897045,0.004043787654467765,0.00446582602578081,6.283491161940433e-4,0.37015456793955603
92,0.005993160560956416,1.345560736632874e-4,0.0029036884516809,0.6533140084596469,0.013423018440503223,3.5272800228844836e-4,0.016666372352350845,0.0014586468396010528,0.01591933371414457,0.10641048689053245,1.3934446424393337e-4,1.6586677250252045e-4,0.0019857252196247223,3.1205935566732236e-4,0.18082100440259347
93,0.033681625394516246,0.04107594646598639,0.0034069236026889314,0.002163200525518576,0.004654070810884444,0.2646504865251947,0.08829050147341315,0.24303536955331878,0.1095935911697719,0.07692057412796045,0.008044875560546144,7.340813136814382e-4,0.009900406668494153,0.001507125489446097,0.11234122131857874
94,0.004558834706253374,0.2844095845448619,0.002581010867944917,5.948334628380438e-4,0.009100357822754868,0.6061091592513915,0.0017757932712332036,0.023962659199262968,0.009276244662390309,0.03462805978919086,0.003086463971256991,0.0014133138129125548,0.0011135378119181624,0.0022360296528060324,0.015154117172984528
95,0.018811847293948605,0.0012327738292781942,0.003913811269201736,0.0076153487050767184,0.005242336648473801,0.0010237830149175849,0.18223381290020982,0.4756966047357526,0.23844182556399388,0.04631726511252889,9.08387053539984e-4,0.0018080782462312564,0.013638814320223454,0.001196988654479885,0.0019183226521439197
96,0.015305806436965354,3.825929966161655e-4,0.01062957402430524,0.40451145972584673,0.04121866868942295,0.0010290137332033288,0.004466935015741905,0.004209984918339036,0.041420842209300764,0.15455477642948534,0.0031101647612827095,0.0013503586073694994,0.0036601944981226055,2.141284702866604e-4,0.31393549948371163
97,0.017395660513522905,2.8766863739850153e-4,0.0017554995720871866,0.23941218015071425,0.6623304145731466,0.0010839663651336375,8.232669995148416e-4,0.008138267490542542,0.0068931060575338505,0.0015993610245149236,0.0011699255635318185,2.928217982232368e-4,0.05342131101759518,5.637293192149073e-4,0.00483282091732595
98,0.003079410529447939,0.0026155103415683827,6.369721515884308e-4,0.005428807813172484,0.01251736516444994,0.0012219826359236314,6.077629879442952e-4,0.0031959586570420987,0.019026675450687792,0.003705863626405301,0.0018333990524428546,2.4058215818566732e-4,0.8267480751080313,0.11782273050275756,0.0013189038203522826
99,0.04947201936538995,4.456271430247733e-4,6.919882158520613e-4,0.04456246289668308,0.580814588427859,0.002421804211516004,9.925606210476965e-4,0.01160826052021139,0.005786088132039419,0.003560504990708984,0.021011909439987177,9.791279214107062e-4,0.2681825453143346,0.0012136378608940909,0.008256874939040955
100,0.0013924505861421868,0.01915397625921061,0.0014084606787099021,0.005944137133229587,0.03431171815585774,0.0029370532434522265,3.2162319309305917e-4,0.04033891201516373,0.2321852951327661,0.002728599886780899,6.433305380335374e-4,1.6081625392498194e-4,0.4279838987141578,0.22959700087374627,8.927273357312037e-4
101,0.19473281982953777,0.16777218551224365,0.20027788623179962,0.005504822961514029,0.010400219035330262,0.12462370757984724,0.002434535820395456,0.008554250969979334,0.008879691646069224,0.05469761147019985,0.05677176847071596,0.02367412037854542,0.04517083093761433,0.006570772933169105,0.08993477622303887
102,0.0036632512381163294,0.004118838598344515,0.0011660232789722728,0.007497588634571399,0.016327752224218214,0.002580768786126681,7.783147925134764e-4,0.006526517201731842,0.028026983605095587,0.004062089144352336,0.002123309469615603,3.268163459178693e-4,0.7077551908182705,0.21376709620091594,0.0012794596612373847
103,0.06373617043046521,8.218306148523038e-4,0.029175644319407848,0.007149347420057168,0.0011255500154225308,0.007832458867164448,0.16999743102599293,0.6244072898084958,0.0054025110875135455,0.04180089590656379,0.030957850329204034,0.01019531114642083,0.001625644536943141,1.9929608333389549e-4,0.0055727684081624245
104,0.004100745278109263,0.024596756435129676,0.06678167490176802,0.01633280388455104,0.009498106922363673,0.003425903395894172,0.11395717307771436,0.4545784807272299,0.2674446891060855,0.021618366551598177,3.8637969823169686e-4,0.001485944032869526,0.006966101959159413,0.006932196069811294,0.0018946779594840577
105,0.03727267649804912,0.005424377519312512,0.004569507671505753,4.925434530953796e-4,0.005731939858230325,0.02175705151194964,0.003189640938508266,0.026150349335773315,0.00864780144490957,0.6624210460899564,0.007745615349712303,0.0227219880059598,5.910711945670379e-4,2.2680419125754327e-4,0.19305758693721295
106,0.0067819973908429376,0.8360795384896391,0.0016648311392908008,3.352257126207446e-4,0.005611589512616861,0.042390905795638874,5.818250409013499e-4,0.0027622861705989543,0.03591840756219939,0.05299946007648442,8.118794545352222e-4,7.16396340583181e-4,0.0010364536335144524,0.00199450563891932,0.010314698041614745
107,0.016968504454736678,0.0037781244621328284,0.011693098908640401,0.14457691618284332,0.6329317840796245,0.0027427718707638874,0.0010795330538936163,0.009403921744917033,0.1227518496400254,0.02316005031006817,0.001011737010860556,9.355276341063085e-4,0.018328056499464954,0.002078640080897293,0.008559484067024664
108,6.278868929721647e-4,0.003950219970352966,4.1863647394667515e-4,0.002206000544192927,0.004886907728280094,3.012107280905489e-4,6.046356965740498e-5,3.2879716551533394e-4,0.20505535828684798,0.0018027646938523273,2.288898865645431e-4,3.150379147448341e-5,0.4972696002171811,0.28246779747218986,3.6396257888123484e-4
109,0.23411014787837334,0.05812983201050405,0.2628792023594301,0.00659533550911389,0.01698415959122838,0.035681142662782876,0.002434935694958686,0.0066841512256185,0.01192405492590706,0.08812771095781517,0.022379316292689015,0.052170659067804,0.011558685999917776,0.0014220723201207844,0.18891859350373644
110,0.03650364112855633,6.467051399035665e-4,0.2593735226458366,0.072276807230441,0.0031957133205056387,0.023862759115063997,0.03163990335907492,0.015365084726815217,0.0051801593100396035,0.10487133885761765,0.08375230722939277,0.06587844187608412,0.0020654819792607347,1.852138785131931e-4,0.2952029202028948
111,0.019574939832201523,0.0026424738489394133,0.06073911386558053,0.035142992425249785,0.002495333959637676,0.03987975898917079,0.11528757640775242,0.6382878316048335,0.021542263680235787,0.018323361731138132,0.019230469232795425,0.013041565242183605,0.0037808142596915525,0.0030772808303658624,0.00695422409022423
112,0.4090366577412017,9.297485937850015e-5,0.004660647587206569,0.1853486742885159,0.008938057515394907,5.248478046894193e-4,0.004007848356280148,0.0022873164014506307,0.01037029921531728,0.16285767737016238,0.0028954997252915115,0.0037428381610658252,0.004166844927458732,5.566805286157643e-5,0.20101414799372486
113,0.004459734445943,0.003026719696785385,0.002216404369343179,2.2644887620530045e-4,0.0041159536927957855,0.0014015400246186996,0.0015960155361054277,0.0011521998312832506,0.04486498783749574,0.7120738134544282,0.0016038502075663948,3.064521327959149e-4,5.649213503762739e-4,1.922423370304817e-4,0.22219871620722703
114,0.0014390874141052598,0.5716745543761469,9.873190889704124e-4,5.107318475099233e-5,0.0014801545710193763,0.3567296626244704,8.161086896813609e-4,0.002870943743270533,0.003054031025245432,0.016331987419692696,0.0036868579681896808,8.357734996777824e-4,2.585698604581871e-4,0.0010513661028023968,0.03873251043151864
115,0.008364517888963186,0.0015879877607385458,0.07241110858879403,0.005052608831535132,0.0223257333768128,0.0013251504468258205,0.11946650097772618,0.24111438951645814,0.05930289469620142,0.06512501401809535,0.00186996067074404,0.0013701935607445697,0.0032452887440051056,0.00043439343839829817,0.3970042574839573
116,0.010522562087194764,0.001647573644473603,0.010496916627979556,0.15757935957559582,0.10465080959003543,0.001403546385137269,0.0017261320083169632,0.0051502894237310535,0.5857642515802284,0.016002128073902316,7.098153342674031e-4,2.0740820973784305e-4,0.09597339246779713,0.0036710529589057284,0.004494762032696884
117,0.522963810642174,1.9273675449732962e-4,0.01759324037765821,0.10490386235811572,0.14875493594990583,0.0010892707319590355,7.349388595412314e-4,0.00976898630815735,0.146868000080948,0.007061628984258151,0.0011417404300920425,7.311448011293593e-4,0.03439774153146191,7.415734144405904e-4,0.0030563887756611145
118,0.19808000504065068,6.855925196322124e-4,0.0036659574082673883,0.010534119023546937,0.02665312326340383,0.005245956319629916,0.05442008026165174,0.008495302402952577,0.04177881724512714,0.014175125435794751,0.42035455622133,0.005209667771649623,0.07629569161268925,0.0024608230357818523,0.13194518243789227
119,0.010612095985420074,0.0022278571612292758,0.008501365859606369,0.045078374596720955,0.005938790176213071,0.014196241317616891,0.3285123762113934,0.4022460572419192,0.017167766838183465,0.02949945567327458,0.04680898093911847,0.07890078051941739,0.0028999450424393287,0.001640698747513552,0.005769213689934182
120,0.14680162974838457,5.896489254826518e-4,0.018027979492810313,0.21989099264821296,0.019119392645661065,0.001407232274074476,0.15472462214732585,0.011059320426404185,0.2536291762693621,0.03570109832740692,0.022970360412286207,0.015322475447689882,0.07275564448601055,0.0014688185172096067,0.026531608231678803
121,0.08066886078722385,0.0016762921277838224,0.006405910349674317,0.03417962588839265,0.012212178742377698,0.002162108155717641,0.1844526512330433,0.058619542343512555,0.3769358417113076,0.1873089715076068,0.011570038270909173,0.0047188414541647,0.028537810623442586,0.0023834959522723125,0.008167830852571141
122,0.0065171390743864735,0.13982584731834646,0.002404653687934785,4.7905635998056375e-4,0.0013352047349059152,0.02868184536716357,0.02993980255751967,0.014412287813210415,0.004718141410198265,0.0270065154758844,0.5569619246648446,0.171301551441049,0.0011428934782160625,0.00346894480518417,0.011804191811175214
123,0.8083816864004398,6.864567244911327e-5,8.094049567515862e-4,0.02863082828185034,0.11980453675923823,2.966594483972835e-4,5.818285410940207e-4,9.840418886422958e-4,0.01580929839409268,0.0011478489128045125,9.062651815826212e-4,5.165368778272322e-4,0.01799917933362588,1.799722420131525e-4,0.00388326710919148
124,0.09219577319116,6.075337946325951e-4,3.4898043899975363e-4,7.236124755618904e-4,0.015307383946477791,4.5041857383569707e-4,3.763766516718947e-4,8.032432227691969e-4,0.0027244362012765733,0.03546209359410472,0.002520597577085613,0.8424628862565037,0.0027660351413260295,3.04148696579863e-4,0.002946480238014677
125,0.005101646609184225,0.004090992221645435,0.004272275787873705,2.599558898365357e-4,0.0017856860527452228,7.772000015116591e-4,0.0018301979461060188,0.0018164503268987245,0.02148042137669001,0.9161536279454032,0.008618759134305098,0.023367865405158617,2.998024820294703e-4,6.785914876952555e-4,0.009466527332917127
126,0.0019056372109819532,0.18056848046660895,0.0012915801700440896,1.7593261313093438e-4,0.0013959814093984213,0.36946624414831175,0.0021380795108976373,0.3037453355500575,0.017388825536189683,0.09080066135083797,0.022631518148882493,0.003817205346098396,2.4145916158707368e-4,0.003215400714238746,0.001217658662734334
