row_index,Topic1,Topic2,Topic3,Topic4,Topic5,Topic6,Topic7,Topic8,Topic9,Topic10,Topic11,Topic12,Topic13,Topic14,Topic15,Topic16,Topic17,Topic18,Topic19,Topic20,Topic21,Topic22,Topic23,Topic24,Topic25
1,0.0019486687125230633,0.6080940439205371,0.0012722668056694513,0.05492443241470336,0.0021963290035127746,0.01704758641535116,0.0041302904194723085,3.7663585870799225e-4,0.00210576015416033,0.0029086967153225773,0.009540987229320978,0.0018344296608482791,0.003751740632993843,0.0012100447630446261,0.17110316478265392,0.001490713188165392,6.36994899614741e-4,0.0037613581699470653,0.020591754655556137,1.7238330524983368e-4,0.011886069658946617,0.06480098197659116,0.0013528279022157095,0.011747711928724737,0.0011141268261667737
2,1.5093173443256016e-4,0.9862462900295692,6.167251503596912e-5,0.0022587210322956046,7.655150324168804e-4,3.220571368204592e-4,5.079314130404159e-4,2.3104903198639273e-5,2.9509938422460716e-4,1.3061522323849976e-4,6.52649123222636e-4,6.219745125225747e-5,3.295074392005814e-4,7.979254797842557e-5,0.0033020234177509327,3.348755987520966e-5,1.6484749317508885e-4,1.8586114460976627e-4,3.355965189392267e-4,1.7826918069683557e-5,5.014135030435985e-4,0.002797418289398206,6.132646076215193e-5,4.007186446643695e-4,3.133950837849035e-4
3,1.5347548558799443e-4,0.9852186627420594,6.247945176088748e-5,0.0025454016789439255,7.71877969383259e-4,3.3026095577766385e-4,9.384925662299939e-4,2.585414433324632e-5,3.8045266648532096e-4,1.2277594742131438e-4,5.552895789933043e-4,6.13853819256041e-5,3.4952526550072855e-4,8.75145160162633e-5,0.0032902205413083896,3.922918609591789e-5,1.7904260490042562e-4,2.027471558187374e-4,3.6439395895233954e-4,2.318612610240058e-5,6.049880748905731e-4,0.002822528108942344,7.178753556996715e-5,4.020105968453327e-4,3.964177601546833e-4
4,0.04734576497236209,0.0018071916493066689,0.018996880729646743,0.0019312919602259985,0.0032596887113304864,0.001337673854381205,0.008880653230418492,0.03529872739279346,0.004354099719173604,0.029883859092824802,0.0022771182088258124,0.008899572843768926,0.005749286281585329,0.7395098020597254,0.0064604930056716674,0.010915780263852095,0.006690330454049409,0.023568763656422444,0.002686528269192452,0.004701382218330581,0.006900132580248173,0.0013973638768149715,0.001167773385585803,0.0029376901957642305,0.023042151387699238
5,0.0010797118566120308,0.005061947781267197,0.0018174173546079097,0.12462483800198777,1.9418607764655767e-4,0.001901458550113199,0.002442582237183613,0.005345136851151652,0.0022971768615195273,0.03246274740683164,0.08622573427997868,0.041417862960492546,7.402245284631318e-4,0.2727305557937967,0.08662094933883842,0.06614368931789148,2.0139479440041538e-4,0.012383778934464003,0.028637300864946588,3.116063351566802e-4,0.12047412818574138,0.03743160901017874,0.0017823268281099353,0.0665781066529946,0.0010935291956253837
6,2.566446983287673e-4,0.03757736934375242,7.69301706314936e-4,0.43219650838566054,7.001444811384084e-5,6.199208279969687e-4,0.001232951288277669,9.418922221121171e-5,5.544418802211226e-4,1.778598371602165e-4,0.0011781844269552028,0.001098287263240533,9.258789316741462e-4,1.741295809632752e-4,0.008232698773886776,3.6953194751125406e-4,1.7700669774180135e-4,6.09762653384135e-4,0.5098097087020403,7.508463700317845e-5,9.340021847793712e-4,0.0021013065348014447,8.665387904665065e-5,5.945971082642814e-4,8.396504066919266e-5
7,0.002212230818890051,0.7662309514150941,0.002307706769580169,0.027948831085451747,0.002164386813904049,0.002914849966115862,0.0027631760164027767,0.0010878388584531,0.002041601770327407,0.00624067042271688,0.01432615874421496,0.0026562873059122758,0.004156194036307387,0.0022339640558524027,0.026752574612250436,0.0013401875956786998,0.0011940052945746634,0.0023673271961752573,0.09909478713505396,3.5822733736291703e-4,0.006550022053631498,0.017632782345621226,6.734524897747348e-4,0.003503474124088404,0.00124831173656538
8,8.71619147313054e-4,0.740809548785878,3.687235784429612e-4,0.005789809992363145,0.001533271666118543,0.004273242387062426,0.0013548409728619073,8.829323660011221e-5,3.9072672994945915e-4,9.828032050522956e-4,8.645548202878081e-4,3.248244770625741e-4,0.0010923668919714158,5.534872935435781e-4,0.22506961130567996,1.913699742341543e-4,4.5020065444520077e-4,0.0011776856764331596,0.002538048710525825,4.974430885584896e-5,0.0013618935454084498,0.006131110596093597,5.070376926872319e-4,0.0024530206855818324,7.721636655477733e-4
9,0.0023207227090180373,0.0013279631110925223,0.04361252973491747,0.0067654595482602815,0.0013341499493402446,0.003039080848978115,0.19962946053966288,0.02598031517943695,0.0689155497201445,0.08699853090364898,0.001210640956100799,0.004205276039884339,0.007582641510177698,0.06252575371952829,0.014653761735435946,0.09955055624651772,8.106989620993367e-4,0.00378421427556969,0.10267128792464364,0.009266061698543345,0.231689726478398,0.006192694812490998,0.004849302493755722,0.007933972407245554,0.0031496484951088794
10,0.002832079518343387,1.5950579175235958e-4,0.006766734418960908,0.01293745525501348,7.925948158326732e-4,0.004739143402015262,0.4429796755140457,0.003358608673766242,0.00787296448235187,0.0014811933755366307,1.1471828170174373e-4,0.002665013172595456,0.005430939064960725,0.07828901716113698,0.0614011290273001,0.10587394813329801,0.012763491055769962,0.13709608481063873,0.04844526543515898,0.016334998360399994,0.03377982399750765,0.0015033490081617824,0.0035702166856724886,0.002538937630725504,0.006273112927353546
11,0.0031155325421209122,0.03722515647706347,5.774201687433444e-4,5.267449736364493e-4,0.0667594840300557,0.007038506205345131,0.08259087409294169,7.538645251717262e-4,0.012494916348836491,0.0016419054808652228,0.0014365071386617748,7.438222965678331e-4,0.5308348641048848,0.003055892890504296,0.007402620556743555,0.00818891389468927,0.0011339496109033828,0.0026989571901560564,0.005048705127162618,0.00258148244656045,0.147524257315334,0.06724887814209098,0.0038751786266207444,0.002819477836525171,0.0026820879778150578
12,0.001462935159791694,5.187782302692869e-4,0.004326772474417476,0.009588846416815369,0.0011030912269961398,3.758226021116228e-4,0.10343302767754499,0.0017787746480154474,0.018982119775690823,5.680280035961941e-4,7.822871189017386e-5,0.0015186150339388566,0.0232276530455455,0.00561444229518134,0.0031680252793667373,0.04746872862269745,0.0029364559801441283,0.0010036891999364126,0.6472403910019968,0.11041506723510415,0.004384135836401272,0.001744225976208685,0.005755050101779081,0.0010882481882809997,0.002218847276279564
13,1.0118818095033373e-4,0.0017785234209259015,8.510412738335327e-5,2.1086715585672523e-4,2.2056153715976982e-4,0.9890381279252889,2.1568092904872404e-4,1.6129779372720516e-5,2.267531930490337e-5,2.1448888205908453e-4,4.44370889047799e-4,6.111472204759296e-5,5.153338202403039e-4,9.41087686812335e-5,0.00421017668991706,4.6806806997259685e-5,1.156577555847968e-5,3.138871155618105e-4,3.3700411243801817e-4,2.5738726167883054e-6,0.0010290066760158068,4.819128174699759e-4,1.2188750981319122e-5,4.6939836822746316e-4,6.720355684789866e-5
14,5.270378521665889e-4,0.0018142731466147016,0.0012061166434441458,4.1549184215094274e-5,0.005041879562710666,2.0285458646871813e-4,0.0014844679032988317,3.0398019228176655e-4,0.0011109407553284978,9.891525006768443e-4,2.2404555150105975e-4,1.3325377936325872e-4,0.0025365549372731696,5.991034851660669e-4,0.0034958657063315014,0.1042841769599717,0.002644897121058771,6.14713207754635e-5,0.0029759597335062503,0.09146481956560024,0.004712203600009232,0.153639286129664,0.5503353810063906,0.0694631882702589,7.075405059236002e-4
15,0.002280578249033135,0.005368957984304906,0.002550824544112909,5.09912378796879e-5,0.04710743435093714,2.0682155671460596e-4,0.0032777337626267015,0.0010196476089889845,0.0034646888335033974,0.0018872422888081364,2.217283220669475e-4,5.302319763536582e-4,0.011361337379558507,0.00783579082266394,0.0035642659580986088,0.12367488670529225,0.03331269870307824,1.9735954919214375e-4,0.002738152615319773,0.22256166728096927,0.00406227072160398,0.05883779576796351,0.4478578751272618,0.01289713920169055,0.003131879451977623
16,0.010607025950911326,7.53896449899439e-4,0.020672908805270795,3.039408712310106e-4,0.004269243124094796,0.09356375310804721,0.0021819964184181862,0.062318830439344476,6.087443951418188e-4,0.5239919836175909,0.0035564892286061925,0.0023028939025741915,0.0035754728911616854,0.2294188775896447,0.008628071608843838,0.005144780043994368,8.738791712787295e-4,0.006577547114024603,0.0016070402510682522,5.669784390008574e-4,0.009402761407878112,0.0010512509622469907,3.082883107226811e-4,0.004384108393404756,0.003329237505599896
17,0.02722539192677956,0.004317306910478238,0.007071148625280507,0.001219600903384868,0.007379794897433505,0.002247961772542215,0.0024244989387992603,0.09362298698507457,0.0024260748824477094,0.2836886819920221,0.04577172002057263,0.0035513483572762556,0.0025920376164417194,0.23227994179796194,0.005345622640823714,0.014468636060263138,0.0011843740621430812,0.014251143803155257,9.390740460773171e-4,0.0010044466838665294,0.1657790726180046,0.009292498363533346,8.705214988187622e-4,0.06268108255075257,0.008365032046066473
18,0.09033791908758787,0.0026408326771256868,0.007107476828946563,0.00625854372697779,7.419857143670594e-4,0.0025085546402761785,9.422272672559763e-4,0.0320797550844612,0.0016968121939870842,0.059378486284360744,0.06865379484640792,0.3377263856404559,0.0018746190688980458,0.11498252813051828,0.012136613544374897,0.0039695764382070365,9.943248953958191e-4,0.22476146661239926,0.0018750331833675656,1.5156149320350154e-4,0.007258921579849116,0.0015892258837573088,8.440711923678044e-5,0.005616446559943156,0.014632501498639428
19,0.002538568362308686,0.295651315900879,0.00150318474221866,0.011244268631402063,0.004785995743475013,0.009177391746475999,0.0016201410238754093,7.5205606625259e-4,0.002126602449641915,0.007825230661618247,0.0771665243746756,0.00213155899773739,0.0060182735424488135,0.0014643822454615003,0.08628909958549824,0.0045427523843228484,0.0010034077589493263,0.0028989990212611324,0.016302264863132694,4.932215839775892e-4,0.021777285710015647,0.3577049671143894,0.004241664025675959,0.07982043596827432,9.204074960315161e-4
20,0.007892121182784727,0.11999077573322761,7.029599271335134e-4,3.0635554894462263e-4,0.37691486687606857,0.004664583611316129,0.002226530697851448,2.1037515824694292e-4,0.0011075254939846466,5.919974081594989e-4,4.0918185417896985e-4,4.0717246991652873e-4,0.39499594877475075,0.0012062691055589685,0.05801336931496971,0.0010311641978485104,0.0021712133990181124,0.0011968507349411448,0.004128515284397943,0.0010384236045878148,0.0016570496723973562,0.014227811758440415,0.003022554825147915,0.0012469585097547576,6.394248563738572e-4
21,3.669334167625288e-4,0.0014953702059888761,6.237675460499832e-4,2.373598493121184e-5,0.5551873968029887,1.9354203444000916e-4,1.5122208317815925e-4,7.095767738401007e-5,8.607718116886071e-4,8.590735926493786e-5,4.221765303753509e-5,6.426389578289348e-5,0.4304943444714356,4.064355624321187e-5,5.730007549938807e-4,5.348737472188511e-4,0.0012114878180979312,1.5094818745754683e-4,0.0018776675617228871,0.0020653574037871893,4.5321440345201226e-4,0.001746072034973525,0.0014348730896242032,7.746403726645266e-5,1.739664622300569e-4
22,0.06064002869134997,0.004724251129367633,0.0026279938249109455,9.776769684185486e-5,0.8637253343280961,3.2224766078009195e-4,1.1453826774284278e-4,0.0024181339594209015,4.6813378703800494e-4,0.011750248862440029,0.0011917943911404526,4.2011493994772986e-4,0.00934299945580078,0.012454831533189287,0.0011052361135848686,0.0011776996653373839,0.01578412657006524,0.0012299091002441265,4.2143723011462265e-4,0.0033769540223450886,7.976381252860706e-4,0.0028581415783601348,9.24586389992648e-4,0.0011366413239920251,8.892113526110376e-4
23,0.005611531142478564,3.5998988317670805e-4,0.917279710625783,0.0013897769192373554,7.135670875693431e-4,5.332591900517178e-4,0.001054354245643035,0.006114426326595212,3.956605638958013e-4,0.003093470108797845,2.458314672795434e-4,0.0020060459266298264,0.0011930706132469828,0.037878164624079363,0.0021373310573656085,0.00524472221042285,0.0022175381620315377,0.002555010662980947,0.0023016573457668595,0.001508962183851034,4.703404626768111e-4,1.6651464734975126e-4,2.1687163127957754e-4,0.0011347233700791859,0.004177469541731562
24,4.756844796637767e-4,3.583798115578863e-5,0.9834013126931802,1.5801426601409394e-4,1.2289922005032742e-4,1.0589007830436097e-4,4.561374058860091e-4,5.890001366309004e-4,4.228981086902178e-4,4.6240645371799823e-4,9.443914371998048e-5,2.0524807564839363e-4,0.00054587074887947585,0.005462271243150774,0.0010079444699638285,0.0022140561042131896,2.495063839437632e-4,6.842018389092834e-4,5.484629327326976e-4,8.796342903491282e-5,0.0011116311610331832,4.8480982160596366e-4,3.689334440738291e-5,3.049287259490963e-4,7.316917535140918e-4
25,0.002500389522582791,5.837599908759818e-4,0.9594062204762959,0.001855555405089587,6.05664303262632e-4,5.375521196949982e-4,7.743976787222749e-4,0.00365327203707533,3.081119962353906e-4,0.001687431711528289,2.605152279533819e-4,0.001316495247067822,8.813794672572164e-4,0.006663680951105316,0.0021157302632986113,0.004817257566577414,0.0015749387284414856,0.001514512313997176,0.003047160210910267,9.996414195038907e-4,4.63992455968873e-4,2.3744741268915626e-4,1.9831371941348517e-4,0.0015066758595575832,0.0024899039148949293
26,0.03172758760427513,0.011988805673444087,0.04389329684543693,0.001457294664693537,0.01757181934072642,0.0016743182975324468,0.005976284204095851,0.01639246027703555,0.004984312257278093,0.14610653253312764,0.003527436485539534,0.004925606388827824,0.012079071156203406,0.13763819451704712,0.012669633482023488,0.01889265627481388,0.4000465241835384,0.0068835782506525625,0.007514008103947629,0.03967794107807024,0.005726926530592319,0.007588946480098856,0.013109381854092514,0.02738597276780727,0.02056141074909915
27,2.816159850646983e-4,0.7163646654121798,1.0134681561848229e-4,0.023274706229575295,2.0815170000983095e-4,2.215429085331056e-4,2.754429995668551e-4,2.377497666027737e-4,0.01384052883448385,0.0013256835721323402,0.23012988437178783,0.0015378757737884348,2.492660089367088e-4,4.4595307101631123e-4,0.0011317924084317213,3.789556945586552e-5,5.374008207104324e-5,0.0012221648327698836,4.412198908147224e-4,4.032376323949342e-6,0.002087085482531096,0.005680722839253321,3.966828688877778e-6,4.060557020538507e-4,4.3691053830949327e-4
28,0.0018597207958835045,1.7191859085482632e-4,0.001120053154484283,0.0021922879861785705,1.267111825535995e-4,8.673714462378029e-4,0.008496247168111098,0.0071489282882874075,0.0649863185201507,0.02364444107615663,0.0022978005211491265,0.012450521765110426,0.0010062987583660968,0.4545017464074988,0.011661305806992069,0.018442297844953014,2.2700333075825865e-4,0.033695510447396645,0.004405610604996959,7.836961000640722e-4,0.3224602934636969,0.0031868051352610333,0.005276425622271409,0.001610693551998743,0.01737999243058786
29,7.670823552912954e-4,0.03744984466962421,8.5160197593536e-4,0.0023565953786072306,0.0013841389181520503,0.002004743189935274,1.5551199179007495e-4,6.029377895117362e-4,3.487474591353819e-4,0.002744350613304891,0.791759029293233,0.002144795292834337,0.00404024225028583,4.83277343059149e-4,0.004050125971551635,0.007159187909187342,1.6677264913945075e-4,8.843291996831901e-4,0.06673913637117668,2.0174258198237823e-4,0.009078694076083756,0.05890734736090389,4.098953298013895e-4,0.005191194903685093,1.1867512610544737e-4
30,0.003935387620634402,0.007264626463896407,0.021675214893564557,0.00622434472005059,0.0011994157309555271,0.009593327449814493,0.0018394999493257138,0.1734072487364917,9.428573062343721e-4,0.0149462400942267,0.03438451807198595,0.001666181532738787,0.001056418622896003,0.005567422775774984,0.4839039249575317,0.008614363632100873,1.8680548644239977e-4,0.028325911701067182,0.004963667604172441,1.3841492555078484e-4,0.053293062139513334,0.025412127573839573,0.0012590710205619428,0.10728937480102355,0.0029105721896063026
31,4.3410938259962176e-4,0.0011032759801144186,5.958960328713646e-4,1.6239802911736825e-4,5.314512740263855e-4,0.06101608826284131,4.876914573638941e-4,0.00196434108381312,3.337245720866547e-4,0.7284444055943197,0.008637940807966505,8.521958344406246e-4,8.796209700936357e-4,0.011785918026949402,0.004961094327924421,0.003200594015525904,1.887264254866407e-5,0.001180300909150042,6.850657685605766e-4,2.2258927152831488e-5,0.16334203462397215,0.0037352369760960532,9.631522483548953e-5,0.005217866875470583,3.113024001590506e-4
32,0.005433876421621404,0.0016071294041370302,0.0017011259408883895,0.0019423395483163814,8.039879813760055e-4,0.003888986595520955,0.10958255143959303,0.0036996518687977447,0.07654012175692865,0.016481490535072408,4.225332449100911e-4,0.0032904502950359743,0.0032049951749426524,0.25339222714170506,0.0630819263030295,0.023412147209565016,5.648243493531053e-4,0.014858538709083095,0.0032926169899903522,0.001936814594478801,0.381080768730581,0.004353064869377987,0.008308078505595999,0.005073771940414102,0.01204598044968505
33,0.0018944265332194448,0.35170852605171,0.0010384108604145925,0.006020457234466659,0.02897764767014576,0.002679776237169035,0.0213748067260675,2.4423464643135573e-4,0.3050819395641573,6.079768068776882e-4,2.6480999697851485e-4,8.207671405743356e-4,0.11671641995608822,0.0017271426050142896,0.08885804467415206,8.066655138763081e-4,0.02674501940924508,0.0026168550735865743,0.01082905036037425,0.0035106830553496347,0.0028825663011063448,0.011199057274268976,0.0038871510815164296,0.003119977301893207,0.006387587925316571
34,0.008992179826417803,2.738191805505632e-4,0.02381226966490057,0.0012651450042663645,0.007291316569563876,0.002231856785486999,0.05228137957901625,0.04409435943121248,0.3379681323448862,0.011876776067274783,0.0010038634706725418,0.0038458864382250307,0.08907841950015602,0.21429791145544408,0.00595540353496256,0.02626324083108551,0.00330916126797569,0.05232610014922514,0.004984337616267254,0.01808171993781367,0.03591651942823423,0.005281387626963408,9.152820813421004e-4,0.0010778827224980573,0.04757564948555899
35,1.9173021970837677e-4,0.19970370070911841,4.319040403326785e-4,0.2032123527055176,2.538499244361523e-4,0.1377329245303016,0.003618980580777669,1.0601858118238847e-4,0.0010110293799618557,0.00327680493649098,0.010869870569986092,0.0013750757087268328,0.0013076890119770685,2.630627147564202e-4,0.07260376900399564,0.0015209656680323605,3.8241316533623275e-5,0.0012353793288137419,0.13390262950467713,2.2339127246145946e-5,0.15434332277256835,0.05958818374133433,3.191920344907793e-4,0.012879514083812493,1.9146980522220946e-4
36,5.486302845331584e-4,0.001185893032423656,3.3222069652836644e-4,5.323644132430898e-6,0.0148441884519395,5.652975621977962e-5,0.0015908466233361784,1.737170058764e-4,0.0017284844363953747,2.494072782971168e-4,8.067422954089167e-5,4.082326920119637e-5,0.011500548209664879,3.6095709590505285e-4,6.423042846115884e-4,0.03897072185838168,0.002427971530488589,1.526195787158325e-5,0.00233700967901147,0.42771128827303156,0.0014081192704596198,0.217668550696408,0.27196246264155965,0.0038205493277318086,3.3751646645059923e-4
37,3.185387656416765e-4,0.002801099004511364,5.403675226538716e-4,0.00115719170394398,1.676734363736991e-4,0.0017587895585680848,7.76745686864886e-5,0.0016114544610026922,2.5993244248930994e-4,0.6715442394607088,0.11327408517395769,0.002208317339689377,2.732508204377135e-4,0.00304223904025799,0.010272966672280006,0.0024992907096849327,3.6368545160721404e-5,0.001173562691751955,0.002677382920079626,2.6061901139339323e-5,0.04812631036351544,0.0338169950618176,2.4190512725385708e-4,0.10198931192739254,1.0499078100164952e-4
38,0.006127147369558778,5.754242837376458e-5,0.023709368297407434,3.6083981572269345e-4,9.748714601471388e-4,1.7702561419573088e-4,0.0040737284184813255,0.4242649202357636,0.001618019912124991,0.022199059490426512,7.522823482369524e-4,0.006242812028998633,0.0012581414946776903,0.38627426704652246,0.001107137041200534,0.09094954747125954,8.102023608876416e-4,0.007133108134954753,0.0016208884501241689,0.004166960518735213,0.00702817900442033,5.165502042806257e-4,8.680060346260731e-4,0.0016036709945257024,0.006105723824347656
39,0.029283719792558727,1.581238825002196e-4,0.005831232369890338,5.680386908954557e-4,5.678513431329114e-4,1.6766543129240487e-4,0.0024207828773617998,0.47302427603974934,0.001710208308099543,0.014469740431873091,0.0012633007851086822,0.0027839429881943638,9.578677389211909e-4,0.41049362823417396,7.862246485871681e-4,0.002338088299209916,8.137130749936627e-4,0.043291501260111755,5.005584806894697e-4,6.359150637983633e-4,0.001790788968459254,1.7640334050070413e-4,7.47500238964342e-5,4.5054102027319696e-4,0.005441136905728298
40,4.467602047340719e-4,0.28594707488231647,7.381733451304054e-4,6.850930083776423e-4,0.4957405197011253,6.628271401165813e-4,2.6473233907459094e-4,5.4202799005827105e-5,0.00160259162880461,1.7991631192010418e-4,4.862663609680265e-4,1.2237749726183434e-4,0.19267949767598302,2.7756115538846794e-5,0.003932745294777798,2.007281094887212e-4,0.0012497202962931983,3.6082801193025127e-4,0.003436130553024483,4.6713134499975774e-4,0.0010755783068058817,0.008200414907319181,8.255719570502812e-4,2.2374961352051892e-4,3.896125944321488e-4
41,0.006449136239695648,0.0062481415148852,0.007873443262150078,1.7416283644169692e-4,0.42254712873775213,0.0018557938751889102,0.004541008550037877,0.0014541420260099037,0.003087288970770843,0.0010852242195777196,2.9905781483315205e-4,0.001045635109450256,0.41469277789970843,0.0072505146273464435,0.0043196034342400935,0.007827972612264544,0.05511086940609894,0.0013691926393131118,0.008052303411936463,0.024851554268173367,0.001624911799231669,0.005730862357792837,0.007339102470660262,0.0022708397124184053,0.002899332204022039
42,0.007148292653105669,0.005251592717825253,0.0036427177595876707,6.297100624536263e-4,0.3438447140476929,0.003383085345330496,0.00461978739169435,0.002610777873314826,0.006016338108366057,0.00407538696880128,0.004598616377425516,0.1331628380518268,0.24784332949627064,0.009495636254108904,0.004325638677661694,0.06996007049254824,0.002091269839267442,0.005559086595731327,0.004782306809825444,0.0020378625808358006,0.11844321077375192,0.009228149755492266,0.0016404198350180614,0.00230454240216851,0.0033046191298954915
43,0.010505723253375286,0.0018057627991090372,0.8996587339705503,0.0032687425928512475,0.002034241680961024,0.0013950201735802596,0.0020886312143359982,0.007274075479501479,8.477825935054816e-4,0.0036371571073623085,6.541773421372867e-4,0.002729389443390068,0.0027329590671532305,0.016185739668702622,0.005572859741402895,0.009725315292850763,0.004301072264804335,0.003912949633699054,0.006058991140906332,0.0028675590343259704,0.0011806530619205234,7.486706714429276e-4,6.283802622548168e-4,0.0033635516894162166,0.006821860820460299
44,4.29330453433129e-4,3.073746940622852e-5,0.9851648301339063,1.4055030369169167e-4,1.1016411157812827e-4,9.274656455111734e-5,4.004276186492784e-4,5.387829218961309e-4,3.690003050223638e-4,4.082929509336119e-4,8.215218830039184e-5,1.843760730871284e-4,4.812589383759812e-4,0.0048419817908054745,8.826710678614027e-4,0.0020799866068586794,2.294910779714598e-4,6.00156387140135e-4,4.9400908240113e-4,8.21321556964328e-5,9.638112429852221e-4,4.218293891390262e-4,3.346665933560183e-5,2.757323273144927e-4,6.620821796594756e-4
45,0.004357700483414695,0.0011415924004337123,0.9313654553973676,0.003287479313475612,0.001036288830776087,8.029427514310785e-4,0.0014118999661668409,0.005296452405816518,5.530976929606244e-4,0.002831350920701952,4.209162473165611e-4,0.002044251847866976,0.0015193656234218482,0.012026632234820032,0.0035984777608250177,0.0069463399831388465,0.0035583320560539735,0.002424480139694873,0.005390280027598626,0.0018955418384814418,7.355460244586604e-4,4.2339473182786963e-4,3.842539548983769e-4,0.002473709241505737,0.004074218125546546
46,0.09904379629015457,0.00561364007010621,0.08642371412845118,0.002490847646325717,0.00908862349170022,0.003635582355285671,0.006554756672602027,0.04764300645927752,0.0048913904183037005,0.21780743720181356,0.008963778574876456,0.010929076646151281,0.0100484095466361,0.31942659663057477,0.016516355874820986,0.03778451364187584,0.011104333255633753,0.01817631854647096,0.007569378427404636,0.009375326456991124,0.019391569082214313,0.007528553797116228,0.0037379848509362544,0.01738733476220118,0.018867675172075903
47,0.0016908843241528599,0.6448096009606634,6.174091642742297e-4,0.3364857685635031,1.8189266361439657e-4,3.4800688110635226e-4,0.0010436718870901072,1.240486979448849e-4,4.534253737900734e-4,1.9698623063618752e-4,0.0017194065019084201,5.957208917401179e-4,1.7253304384359225e-4,4.2690121344338627e-4,0.005002055189797101,5.368006260496524e-5,2.8600203925646206e-4,0.001316492056795884,0.0019411291243865527,1.6822189669039026e-5,4.346763025753643e-4,8.429848211841631e-4,1.3934892634669603e-5,4.1300228287572977e-4,8.129646405092935e-4
48,0.0957185590118814,0.005264712215919317,0.10310909134020134,0.022415140246976776,0.0030529403732903805,0.004096151506407738,0.12112355634095821,0.019699032552351677,0.014576132184515004,0.005929766755006134,0.001353197667494504,0.012432860324689545,0.007170184007027243,0.22142295128208414,0.012335844619692195,0.01838243145233472,0.010638137589536792,0.08294158359420763,0.0066748899480819825,0.010040402594589845,0.009243948874965166,0.0010726291828460418,0.0012353667470128482,0.0034021519998339803,0.2066683375880955
49,1.707565919088751e-4,0.00762487402576624,1.714534690854733e-4,0.0024817646200829564,4.946702662325498e-4,0.904052350504343,0.03513900894294776,7.848380570999234e-5,5.976622698273318e-4,5.017871688609466e-4,5.358386772399055e-4,1.631599315274767e-4,0.0016779773455322135,3.614636243006423e-4,0.00782039802992717,4.4067761320892493e-4,2.9934172441652434e-5,9.832146274468426e-4,0.0018060766329661135,2.4951067666101894e-5,0.03164123461319665,0.001478809007616663,6.286372920732842e-5,0.0010860457646657492,5.745434982915582e-4
50,0.17684260133172208,0.008532080414425238,0.002558215841329711,0.003862673745918469,0.0020594586594455213,0.007415572352377143,0.17212566521327166,0.012500436731458458,0.05371472591926168,0.06257209768577483,0.004598748705406608,0.0026031210764422656,0.0037994742505272367,0.08874402813437625,0.013619467078702076,0.005476872107353393,0.002165783204061191,0.08026302568552107,0.0011028833369170646,0.0019901333344944823,0.13897629413560403,0.004227761782104203,8.660708017429985e-4,0.010095202862912621,0.1392876056088496
51,0.005780727498118785,0.0011728557669368235,0.06611871334418688,0.023697615628140916,6.411198346649226e-4,3.908023226793157e-4,0.034249500549376484,0.5413258251804647,0.0063536363434077816,0.010842394076131022,8.516390255078279e-4,0.00556614405379843,0.0010380397670002256,0.23579490038240858,0.0036886661346933413,0.008043981300903984,0.0022136191116528614,0.011005843012164935,0.007497253815613751,0.0026011092870408684,0.003156463905377959,3.5000650538146696e-4,2.820311022903207e-4,0.0012773561227393184,0.026059755929318487
52,0.04466421562925544,0.01089717479423563,0.02860798249102872,0.00708783390177899,0.008415328611485943,0.002623947494526236,0.01678069094409366,0.014065056643745279,0.0061408787360019085,0.015226986403370887,0.0015177433531457867,0.009029475535450988,0.0181421076594837,0.2736987303627533,0.026122504346469618,0.01033880099899753,0.36573657180530805,0.020139724750580047,0.03676667296537232,0.029743043912004302,0.003004100843133356,0.0031344795747134343,0.008503344260955932,0.008688492634667306,0.03092411134744168
53,1.9735818224431205e-4,0.9772579707225775,8.143965614141489e-5,0.0021668000176545757,9.620325380728495e-4,6.484854758488842e-4,5.668476638057566e-4,2.6332978085673053e-5,2.960626490717557e-4,2.0221770336030037e-4,7.179471334792391e-4,8.152503371398575e-5,4.860893644268525e-4,1.0153460994755578e-4,0.00891925775200628,5.225698936249162e-5,1.8851806297125106e-4,2.2823570343835168e-4,5.928111090310885e-4,2.3162471703853982e-5,6.640700739252693e-4,0.0044595816879250405,1.219742094605808e-4,6.434862318509467e-4,3.1400197989357563e-4
54,0.012763515978428525,0.0482459765216918,0.003500297170437337,0.07368374878854897,0.003816648071116827,0.22478182968067467,0.0025633717450917184,0.001964894376611893,0.0010155934559046645,0.013650814090312532,0.03606861510995398,0.015636677275928646,0.00934700623296648,0.004484456143436748,0.06557342084692393,0.002772232984197304,3.6142338097793045e-4,0.08067479451906281,0.33374638253939626,8.89588945033986e-5,0.05028985153450915,0.006815216063477636,1.9745109434923965e-4,0.0071868148350685244,7.700086664290901e-4
55,0.001466219778872964,7.877243677300821e-4,0.002060867361470107,0.0016326734630336649,0.001617346437481143,0.0017673914985661292,0.002831086003240314,0.0064145367755816,0.002359454078982743,0.08160763401506255,0.024260705320171532,0.04163524604607188,0.0022705252150549285,0.11822833300438271,0.005401645543570642,0.1661806679743284,1.1795719137793315e-4,0.0043287357591066025,0.002685113399234161,3.98011521583041e-4,0.5172822337888707,0.005880978536227719,6.745338526013739e-4,0.006195222290183495,0.0019151567772131067
56,0.004447819796365367,2.2763078899484395e-4,0.05827565913804026,0.00378593499103664,0.0029309591162801343,0.004373849003288409,0.03097690059436833,0.020047781632078442,0.0037368721934404043,0.010419706655612558,5.782877000388641e-4,0.0053995308583846035,0.00463806697192002,0.21980839565127286,0.06886430202602091,0.34432947493958616,0.0048525570353878,0.014459939878832196,0.008273276700960865,0.023329651640274205,0.07062982394672691,0.0036551678381319037,0.005537392584531867,0.00926238329557778,0.07715863502284762
57,0.005111564263335559,0.0021355657365317872,0.001996858258824826,6.93594998250627e-4,5.249934349907785e-4,2.352140239126413e-4,0.004823884622097904,0.0018298026262053677,0.0012807976104810496,4.938754740755623e-4,2.003788811003524e-4,6.741863907566504e-4,2.8856649693153344e-4,0.007777346198365969,9.003655923054384e-4,8.00017729970977e-4,0.0021459227236782924,0.0032154268782776233,8.826119846004331e-5,0.0011971145475924057,0.0011083204751040695,1.285790642400405e-4,2.230466555018939e-4,6.274470150002905e-4,0.9614988691040083
58,2.0755849000615145e-4,0.06750879369481187,0.0011752932952730593,0.23186989926585883,4.1325200607336053e-4,3.335137298784249e-4,0.008968611478298529,1.512198060657009e-4,0.001117505347738178,1.8983318746053633e-4,5.205657970704333e-4,0.0015182016088595555,9.444834637692434e-4,2.0493900537865006e-4,0.009634318670720909,0.034219151449947506,5.269618684135568e-4,2.7492108154030914e-4,0.6083410212645435,0.0026330727904458617,0.0065680881426878725,0.00948076159033522,0.009480725310710926,0.0033583585316117365,3.58949122500275e-4
59,9.671048430204844e-4,0.08105246362318475,0.06106508063518169,0.3865468056254,3.4014372653491844e-4,0.0021280829856359608,0.01993910865493204,0.0028829682586838786,0.0025427696554436983,0.011422404765916772,0.0031273640541638987,0.0012981937839883436,9.011466508688305e-4,0.00300598407154374,0.016409660794530538,0.006466569509924068,5.592054745249058e-4,0.0033410691136913787,0.21466738101824848,3.6975486291710796e-4,0.14800280414090253,0.002440982725764581,2.889243991991117e-4,0.027333005642519555,0.0029010209832788392
60,4.962833280575364e-4,3.612839865047818e-5,0.9828936672840555,1.574174854224726e-4,1.2547833283800897e-4,1.06006130297192e-4,4.687782916414572e-4,6.147424666507228e-4,4.336054286629324e-4,4.767218750724098e-4,9.599030552161797e-5,2.0856404360992568e-4,5.487028200345053e-4,0.005775044187552341,0.0010050733995252844,0.0022273286978333894,2.584154621724925e-4,7.092219963841834e-4,5.332873267485837e-4,9.03104881733217e-5,0.0011302228076323572,4.8254030817716087e-4,3.725479598245484e-5,3.0735494358775586e-4,7.818593957157326e-4
61,5.914863992887337e-4,0.002071666144775736,0.032281927304062034,0.045922195990548496,2.8357736954195864e-4,0.0031403139695655004,0.0014475208708523441,0.0016978301140836603,5.437541482197575e-4,0.04696924836367436,0.004974561431725645,0.0030666475698589418,2.468495133313483e-4,0.003154658720701352,0.028278819055062868,0.06307523732849638,3.731964739132949e-4,0.0021075039658322763,0.007091327086946985,5.571577791804432e-4,0.06994015511793782,0.007818822388333674,0.0019436155178641826,0.671273571317591,0.001148356058611024
62,0.004035805399707016,0.01465264212481112,0.003161447350612676,9.609707515069965e-4,0.002004695652091333,0.002287776172587129,0.017358925219547128,0.006254059482332253,0.0038461423361251853,0.3732780286870025,0.001462566516822813,0.0019168141305728875,0.0011158436115815264,0.2664775154689053,0.04850253165881733,0.004779504870419059,0.005692542858746512,0.0022261181622643387,0.002148198769201645,0.007937136837756768,0.00830240416504498,0.006680836591499805,0.0465698172058367,0.020984231038317185,0.14736344493788978
63,0.0012940080694152345,0.05895029218032318,7.293653842695497e-4,0.0043509575503104655,0.00562033806362109,0.004802824277514468,0.594062350284113,0.0011717292339606048,0.043429955572237174,0.0016115128359376182,7.652017447240011e-4,6.713876307682974e-4,0.009693154778954494,0.0028444969938686113,0.009931956131640511,0.010505635004492253,8.571570130345706e-4,0.004515490668201413,0.0035200967954510847,0.0022498591446250002,0.2070578953365447,0.012783083100851435,0.002267823091864363,0.005177006117183774,0.01113642299609327
64,0.002227506777822286,0.014947677748811172,8.961519626575126e-4,0.0010486885174861118,0.06348813345431596,0.012328034061704563,0.5960861639202231,0.0013641621838887757,0.008329771144462135,0.0027637360154284434,4.620288597829962e-4,5.331734481644109e-4,0.0746123095746683,0.0042716838984013855,0.03767011951708498,0.01532710224885235,0.0014081159166916112,0.0026339031638238446,0.005161575028158345,0.006110639262886104,0.07955279038441941,0.03662497371060104,0.01364031199998044,0.013012645742068934,0.005498601457615442
65,4.776482383670777e-4,0.1656762421704184,0.0028150608359381623,0.0018021939025585799,0.003043098859563287,0.13661522734766054,0.0012484923317370035,8.763127754251035e-5,5.408960088474295e-4,0.002327918147204095,0.002221167500517993,2.982882662389248e-4,0.00708951493346597,2.2411326178682967e-4,0.289966979306293,0.0016346528059324535,2.690967219748373e-4,2.7598695420682487e-4,0.06127275122646684,2.887734831247713e-4,0.0035680436473819535,0.2915215681962861,0.009124019077238255,0.017495775712101088,1.1485978714748243e-4
66,2.542007884382061e-4,0.085582494680111,3.791657127954498e-4,0.0028742180577128974,0.0025940289727230687,0.004267016156188091,0.0027996387219206224,7.076140678627309e-5,0.0017418979881352365,9.042409075821323e-4,0.002319374158603501,3.745541020063165e-4,0.03869636380522459,1.0338005471476736e-4,0.03761686572884068,0.005988278655683544,3.552230327898418e-4,2.9318655708485526e-4,0.31968844235838767,8.664579709867131e-4,0.028841657954110252,0.4142204207767793,0.009069194957394566,0.040030149615483665,6.87868795172865e-5
67,0.011543909556195216,4.19220097418204e-4,0.08478713935743068,9.206541447032136e-4,0.0012111871711593405,1.9333869259227412e-4,0.001970178216649888,0.8375665345669419,0.0011597730297378012,0.005814630633206689,9.619599640308481e-4,0.001439289273538949,8.885190971015322e-4,0.023556297074106752,0.0010210778093186074,0.005684753799737408,0.0011154403345375178,0.0074425773148100735,0.001549645399205129,0.0014326474086786493,0.001163237464125509,3.87874484181882e-4,1.819881054474389e-4,0.0012367779602180235,0.006351349044926266
68,0.0013794714783189634,0.002461145103316324,0.008388703047472653,0.08447387571955992,4.5441788220176735e-4,0.033326802956251275,0.07842433246004082,0.04081924011436196,0.025785393294753645,0.015109720831050206,0.023513485090454367,0.01054022934694372,0.0016742559245230817,0.019076415419939666,0.019734901328260883,0.07370172892082075,1.4023741057806792e-4,0.04485047360465456,0.012804382848741214,4.5913616560189533e-4,0.4333398419226676,0.0021826648355039455,2.3987410446963954e-4,0.005850482983004734,0.061268787206508434
69,0.001184401916487121,2.4220231768754314e-4,0.003244707787783121,0.003253706250157371,4.047821104775226e-4,0.0010084546409378883,0.008153079751389394,0.0030064365352879944,0.0037830498666968446,0.029685089038998597,0.002397599379044375,0.42822143312995503,0.0023587536071848283,0.04253826042858319,0.004797951732032866,0.28432481018560934,1.4241871542946502e-4,0.0052898402745953305,0.00629753748671203,5.745621288867633e-4,0.16022123668297458,0.0030853000581517534,7.168250913400414e-4,0.003646641005560789,0.0014209198780361222
70,0.0358571581146912,0.006492934444889698,0.0520193154189367,0.008423606161214901,0.006690607698992964,0.16453626362605447,0.5737884736372296,0.003402348414604087,0.009809829583469485,0.0015895766768179672,5.304049749761093e-4,0.002076443249587223,0.04230589664260181,0.010841455803775846,0.017018575577167724,0.007792063827688337,0.0018172016206314246,0.009901501880848936,0.010244304470370872,0.0026341659506813908,0.018455221842940905,0.0026775962040598397,6.771447613878627e-4,0.002291999908920043,0.008125909507460921
71,8.885756628592452e-4,0.25099037289590354,0.001140796446497988,0.004464460001250315,0.014563405768783374,0.023567216042155375,0.10035050139611264,5.990442935667918e-4,0.0033622964915899748,0.004549302141573878,0.0019755416644234485,7.697566920300497e-4,0.007286011154861734,0.0015478206017894704,0.25451204197919897,0.021078423760619882,5.932343566788306e-4,0.002192403248286932,0.0048189156572024435,9.128110304498158e-4,0.17912117413127066,0.0504775670937852,0.006775053179009252,0.05995973112455364,0.0035035431855468583
72,0.001053098122253371,0.006046657609765826,0.11007764687556179,0.1220725657465135,7.297487593024588e-4,0.007219186674610977,0.07066955588379782,0.001464034207179388,0.0037644579748789798,0.0022867805461756277,0.00195849428080972,0.0011126390326712053,0.0023099301178062482,0.00418943913608189,0.2953848372550239,0.03397410975028957,4.0310707564578704e-4,0.030641869175813474,0.017114548522903773,7.337359997346837e-4,0.16501440543172172,0.06626337766169052,0.0015946049304743463,0.051459833816435735,0.0024613354128578337
73,3.786113028676905e-4,0.9711710694797766,1.5464020181601819e-4,0.0029788115536745685,0.0016873108880399302,7.195476689079236e-4,0.0011453090828274445,6.868083997446828e-5,6.977710065406424e-4,3.63643930739252e-4,0.001330031968142112,0.00014895009720028449,8.351324933244828e-4,2.3626928592980538e-4,0.006600253072100587,1.1267841066951143e-4,3.6218248725780773e-4,4.4912804880398714e-4,7.142049849469914e-4,5.435472631535915e-5,0.0013805816596920535,0.006490684954973684,1.807555528122125e-4,0.001007436165603933,7.319601370629364e-4
74,0.008283585896920914,0.7599028252280885,0.0013414338093223576,0.007519807515127328,0.00635036576620034,0.007002361823718847,0.006137315934528954,6.129831775722657e-4,0.002095327039147854,0.0022531238328529564,0.002490615555620087,9.398244605252589e-4,0.00403896596707512,0.0028564077796262416,0.14079129531174048,9.249370027857759e-4,0.0020346084882686957,0.00535294213051854,0.003861886132063502,4.221575648473267e-4,0.004804009550747034,0.01601333897450288,0.0017092051992354798,0.005612364497962705,0.006648311361000908
75,0.0019352874544890425,0.009439114474888493,0.008805982958509543,0.0038723225326642904,9.659258698493049e-4,8.423993886784016e-4,0.017753640916923146,0.0027830460519722615,0.0045710481526299,0.0016449957899487262,7.546628138715367e-4,0.0014089502679013786,6.704563652183075e-4,0.008212035588127078,0.0028619107777644727,0.0045626280809984475,0.0017807508567685975,0.0041462997596518735,4.7417693147733676e-4,0.0016218548078225782,0.014425959038713316,7.927411656070056e-4,5.918760221390844e-4,0.002901245327048304,0.9021806886063376
